 0 1576.62
 0 2892.8
 0 2927.1
 0 2986.44
 0 3056.24
 0 3153.22
 0 3253.84
 0 3363.9
 0 3459.92
 0 3581.29
 0 3702.87
 0 3816.9
 0 3944.41
 0 4064.01
 0 4164.78
 0 4538.26
 0 4812.68
 0 4153.84
 0 4307.06
 0 4445.58
 0 4875.84
 0 5183.91
 0 5388.1
 0 5508.79
 0 5564.73
 0 5572.46
 0 5559.48
 0 5518.26
 0 5464.9
 0 5411
 0 5365.56
 0 5293.04
 0 5226.69
 0 5159.58
 0 5093.59
 0 5018.5
 0 4945.39
 0 4873.47
 0 4795.75
 0 4728.47
 0 4632.52
 0 4556.76
 0 4463.14
 0 4364.95
 0 4264.08
 0 4160.18
 0 4057.12
 0 3945.7
 0 3823.01
 0 3707.99
 0 3594.85
 0 3475.24
 0 3355.96
 0 3227.36
 0 3104.18
 0 2979.49
 0 2851.39
 0 2558.57
 0 2447.53
 0 2398.48
 0 2395.76
 0 2346.29
 0 2266.43
 0 2178.82
 0 2096.27
 0 2024.09
 0 1968.2
 0 1930.68
 0 1904.92
 0 1884.52
 0 1869.53
 0 1859.69
 0 1849.32
 0 1419.82
 0 1144.75
 0 994.264
 0 934.269
 0 933.787
 0 980.671
 0 1056.82
 0 1535.6
 0 1881.19
 0 2096.76
 0 2207.14
 0 2235.69
 0 2202.18
 0 2127.07
 0 2026.75
 0 1909.47
 0 1784.49
 0 1659.29
 0 1536.55
 0 1462.46
 0 1461.96
 0 1496.9
 0 1557.04
 0 1616.48
 0 1671.95
 0 1723.48
 0 1774.97
 0 1819.58
 0 1863.86
 0 1901.69
 0 1933.44
 0 1967.58
 0 1991.72
 0 2012.47
 0 2034.36
 0 2034.12
 0 2020.07
 0 2001.56
 0 1979.83
 0 1958.54
 0 1936.5
 0 1915.73
 0 1904.31
 0 1892.65
 0 1888.39
 0 1877.89
 0 1867.71
 0 1859.04
 0 1849.49
 0 1840.55
 0 1835.04
 0 1830.83
 0 1830.25
 0 1822.24
 0 1817.97
 0 1817.81
 0 1814.55
 0 1812.83
 0 1808.87
 0 1803.5
 0 1798.6
 0 1902.43
 0 1963.59
 0 1993.9
 0 1997.24
 0 1987.85
 0 1968.19
 0 1939.14
 0 1911.21
 0 1879.65
 0 1850.48
 0 1825.62
 0 1801.93
 0 1777.17
 0 1758.88
 0 1744.38
 0 1731.78
 0 1720.3
 0 1714.02
 0 1708.8
 0 1699.89
 0 1694.94
 0 1787.09
 0 1840.66
 0 1866.75
 0 1871.43
 0 1651.51
 0 1577.96
 0 1291.11
 0 126.136
 0 0
 0 108.605
 0 0
 0 123.47
 0 154.997
 0 0
 0 406.379
 0 696.302
 0 573.807
 0 562.641
 0 565.632
 0 637.723
 0 589.836
 0 649.034
 0 640.897
 0 704.347
 0 587.225
 0 1302.22
 0 625.507
 0 655.877
 0 687.301
 0 663.974
 0 722.233
 0 689.899
 0 652.403
 0 677.776
 0 704.811
 0 596.115
 0 564.128
 0 614.751
 0 522.55
 0 631.487
 0 433.462
 0 479.477
 0 463.507
 0 495.532
 0 535.023
 0 556.353
 0 681.968
 0 576.826
 0 627.856
 0 758.226
 0 707.57
 0 701.671
 0 798.209
 0 691
 0 592.741
 0 695.411
 0 677.441
 0 739.826
 0 663.148
 0 688.728
 0 731.884
 0 803.227
 0 750.764
 0 653.435
 0 711.073
 0 708.729
 0 1471.5
 0 668.768
 0 851.715
 0 795.562
 0 706.635
 0 721.075
 0 912.683
 0 1002.87
 0 0
 0 0
 0 0
 0 0
 0 0
 0 0
 0 0
 0 0
 0 0
 0 0
 0 0
 0 0
 0 0
 0 0
 0 0
 0 0
 0 0
 0 0
 0 0
 0 0
 0 0
 0 0
 0 0
 0 0
 0 0
 0 0
 0 0
 0 0
 0 0
 0 0
 0 0
 0 0
 0 0
 0 0
 0 0
 0 0
 0 0
 0 0
 0 0
 0 0
 0 0
 0 0
 0 0
 0 0
 0 0
 0 0
 0 0
 0 0
 0 0
 0 0
 0 0
 0 228.648
 0 161.095
 0 117.827
 0 0
 0 0
 0 175.845
 0 166.869
 0 0
 0 138.842
 0 0
 0 146.663
 0 0
 0 365.043
 0 404.838
 0 380.086
 0 355.883
 0 397.916
 0 383.038
 0 391.659
 0 277.834
 0 298.978
 0 145.138
 0 212.322
 0 186.207
 0 114.544
 0 183.671
 0 0
 0 100.088
