 14 208.02
 14 2563.26
 14 3710.09
 14 3705.99
 14 3701.46
 14 3719.96
 14 3744.93
 14 3791.49
 14 3860.71
 14 3935.58
 14 4037.69
 14 4140.69
 14 4254.15
 14 4383.38
 14 4497.12
 14 4621.88
 14 4751.82
 14 4860.61
 14 4990.55
 14 5116.93
 14 5222.29
 14 5342.53
 14 5441.38
 14 5528.07
 14 5624.2
 14 5692.54
 14 5752.74
 14 5814.46
 14 5847.43
 14 5891.67
 14 5915.72
 14 5929.12
 14 5945.12
 14 5924.72
 14 5905
 14 5888.68
 14 5834.72
 14 5795.61
 14 5745.54
 14 5673.59
 14 5611.64
 14 5531.37
 14 5437.7
 14 5350.14
 14 5240.44
 14 5128.1
 14 5016.28
 14 4893.9
 14 4777.22
 14 4645.26
 14 4508.46
 14 4379.82
 14 4238.05
 14 4099.03
 14 3963.85
 14 3482.89
 14 3239.35
 14 3154.78
 14 3140.25
 14 3166.65
 14 3135.71
 14 3067.41
 14 2979.89
 14 2882.37
 14 2780.84
 14 2444.61
 14 2164.66
 14 1970.08
 14 1836.31
 14 1763.03
 14 1730.87
 14 1731.76
 14 1767
 14 1816.7
 14 1879.53
 14 1954.37
 14 2037.62
 14 2121.16
 14 2198.78
 14 2274.58
 14 2494.04
 14 2646.34
 14 2758.57
 14 2827.68
 14 2869.56
 14 2888.66
 14 2891.17
 14 2885.17
 14 2862.32
 14 2804.47
 14 2722.36
 14 2635.76
 14 2558.89
 14 2495.47
 14 2445.34
 14 2408.13
 14 2382
 14 2365.82
 14 2360.19
 14 2360.34
 14 2367.55
 14 2378.5
 14 2391.36
 14 2405.99
 14 2417.5
 14 2420
 14 2413.77
 14 2401.78
 14 2390.93
 14 2380.81
 14 2371.91
 14 2362.15
 14 2353.9
 14 2347.95
 14 2344.75
 14 2334.48
 14 2327.59
 14 2318.12
 14 2308.67
 14 2298.97
 14 2291.1
 14 2287.44
 14 2278.14
 14 2270.92
 14 2262.05
 14 2257.9
 14 2248.94
 14 2242.54
 14 2233.17
 14 2225.54
 14 2219.87
 14 2213
 14 2207.44
 14 2197.9
 14 2185.41
 14 2178.27
 14 2173.82
 14 2168.18
 14 2155.6
 14 2147.17
 14 2144.76
 14 2137.84
 14 2128.33
 14 2122.82
 14 2052.27
 14 1376.96
 14 0
 14 0
 14 103.393
 14 157.521
 14 226.033
 14 238.098
 14 265.783
 14 262.586
 14 288.302
 14 395.6
 14 737.533
 14 779.216
 14 729.437
 14 527.345
 14 595.564
 14 552.288
 14 658.874
 14 562.934
 14 0
 14 0
 14 0
 14 0
 14 0
 14 0
 14 0
 14 0
 14 0
 14 397.996
 14 151.57
 14 472.004
 14 394.111
 14 454.089
 14 479.743
 14 477.165
 14 389.979
 14 384.807
 14 411.746
 14 290.18
 14 426.413
 14 456.295
 14 463.002
 14 427.876
 14 408.629
 14 346.114
 14 372.632
 14 360.542
 14 349.924
 14 353.391
 14 326.336
 14 365.417
 14 323.205
 14 321.29
 14 266.269
 14 690.497
 14 321.091
 14 650.331
 14 336.62
 14 626.184
 14 252.711
 14 300.622
 14 321.831
 14 230.691
 14 302.376
 14 219.557
 14 286.685
 14 237.651
 14 238.045
 14 301.424
 14 222.635
 14 239.917
 14 246.233
 14 221.576
 14 237.068
 14 217.749
 14 231.275
 14 195.276
 14 276.413
 14 176.214
 14 156.065
 14 247.865
 14 130.124
 14 181.99
 14 171.243
 14 175.627
 14 279.245
 14 473.603
 14 567.09
 14 537.441
 14 451.608
 14 434.246
 14 381.78
 14 299.704
 14 377.344
 14 346.798
 14 255.042
 14 475.887
 14 517.477
 14 589.471
 14 518.045
 14 534.876
 14 523.296
 14 614.06
 14 588.769
 14 639.242
 14 682.493
 14 616.039
 14 706.805
 14 638.957
 14 669.785
 14 733.034
 14 657.795
 14 733.571
 14 698.247
 14 727.175
 14 730.591
 14 663.58
 14 731.52
 14 776.235
 14 691.469
 14 742.394
 14 803.587
 14 669.598
 14 835.528
 14 668.562
 14 786.333
 14 680.707
 14 741.287
 14 645.149
 14 621.308
 14 616.622
 14 569.745
 14 499.867
 14 487.698
 14 372.01
 14 674.088
 14 472.318
 14 839.966
 14 1254.32
 14 501.911
 14 450.149
 14 722.521
 14 599.156
 14 626.207
 14 623.887
 14 1413.08
 14 654.915
 14 707.5
 14 657.051
 14 544.824
 14 576.467
 14 495.058
 14 445.084
 14 458.472
 14 735.84
 14 378.399
 14 358.033
 14 357.081
 14 407.333
 14 443.338
 14 504.895
 14 539.605
 14 538.428
 14 501.884
 14 622.739
 14 609.179
 14 606.872
 14 549.091
 14 398.998
 14 485.165
 14 295.441
 14 350.84
 14 174.487
 14 232.499
 14 175.01
 14 157.553
 14 196.757
 14 118.228
 14 144.871
 14 109.373
 14 171.976
 14 0
 14 106.813
