 14 456.991
 14 3090.55
 14 3403.44
 14 3436.62
 14 3466.41
 14 3527.93
 14 3597.07
 14 3693.89
 14 3799.37
 14 3915.43
 14 4051.7
 14 4183.69
 14 4331.55
 14 4466.39
 14 4634.68
 14 4760.63
 14 4914.54
 14 5054.38
 14 5202.23
 14 5332.62
 14 5461.32
 14 5593.36
 14 5704.48
 14 5820.33
 14 6303.2
 14 6605.49
 14 6812.83
 14 6919.39
 14 6970.04
 14 6961.25
 14 6921.05
 14 6870.14
 14 6783.02
 14 6700.17
 14 6597.65
 14 6521.63
 14 6404.34
 14 6313.66
 14 6209.38
 14 6114.26
 14 6011
 14 5904.08
 14 5805.99
 14 5687.93
 14 5582.72
 14 5448.78
 14 5339.72
 14 5202.66
 14 5069.29
 14 4929.97
 14 4790.5
 14 4643.81
 14 4493.51
 14 4751.39
 14 4820.65
 14 4780.27
 14 4630.28
 14 4013.61
 14 3633.42
 14 3461.09
 14 3259.82
 14 3098.87
 14 2898.77
 14 2788.64
 14 2649.8
 14 2505.34
 14 2388.87
 14 2274.64
 14 2174.08
 14 2098.68
 14 2047.81
 14 2012.61
 14 2000.65
 14 2000.92
 14 2016.79
 14 2050.14
 14 2086.85
 14 2131.09
 14 2175.32
 14 2214.28
 14 2270.54
 14 2322.17
 14 2371.71
 14 2412.99
 14 2450.04
 14 2488.13
 14 2498.42
 14 2525.66
 14 2548.12
 14 2568.77
 14 2579.82
 14 2586.42
 14 2585.23
 14 2586.16
 14 2580.74
 14 2562.05
 14 2535
 14 2512.75
 14 2497.21
 14 2491.83
 14 2493.11
 14 2494.32
 14 2495.86
 14 2501.4
 14 2505.5
 14 2515.41
 14 2522.74
 14 2526.87
 14 2527.65
 14 2531.99
 14 2530
 14 2524.97
 14 2514.63
 14 2503.54
 14 2495.26
 14 2494.18
 14 2490.96
 14 2481.38
 14 2466.67
 14 2457.2
 14 2444.52
 14 2432.6
 14 2419.55
 14 2414.57
 14 2406.09
 14 2405.19
 14 2398.14
 14 2390.55
 14 2385.7
 14 2372.21
 14 2361.91
 14 2358.49
 14 2353.64
 14 1745.8
 14 399.639
 14 0
 14 0
 14 116.378
 14 0
 14 143.28
 14 192.268
 14 236.615
 14 240.318
 14 315.933
 14 601.5
 14 785.397
 14 638.721
 14 591.359
 14 645.34
 14 661.303
 14 656.521
 14 712.099
 14 698.553
 14 750.17
 14 710.749
 14 690.788
 14 799.498
 14 781.834
 14 758.191
 14 783.785
 14 675.01
 14 758.924
 14 816.693
 14 701.601
 14 444.357
 14 391.096
 14 318.802
 14 235.75
 14 332.183
 14 275.2
 14 418.381
 14 338.738
 14 523.666
 14 364.961
 14 537.988
 14 419.043
 14 498.712
 14 431.104
 14 428.875
 14 267.283
 14 332.375
 14 218.401
 14 180.006
 14 102.723
 14 0
 14 0
 14 115.683
 14 103.52
 14 168.357
 14 211.921
 14 132.223
 14 197.757
 14 107.767
 14 124.381
 14 171.203
 14 0
 14 0
 14 0
 14 265.196
 14 188.669
 14 142.516
 14 202.722
 14 119.501
 14 124.022
 14 141.415
 14 124.711
 14 0
 14 111.717
 14 0
 14 134.95
 14 0
 14 111.17
 14 0
 14 117.978
 14 134.484
