 0 2389.06
 0 3497.77
 0 3490.76
 0 3503.83
 0 3511.33
 0 3548.9
 0 3596.84
 0 3917.83
 0 4142.39
 0 4303.18
 0 4428.17
 0 4511.89
 0 4593.51
 0 4661.24
 0 4709.61
 0 4761.59
 0 4801.35
 0 4842.06
 0 4882.92
 0 4923.78
 0 4986.21
 0 5025.38
 0 5058.39
 0 5102.31
 0 5135.07
 0 5183.27
 0 5193.95
 0 5212.84
 0 5527.66
 0 5128.55
 0 5162.71
 0 5166.58
 0 5165.54
 0 5143.32
 0 5115.75
 0 5087.94
 0 5032.29
 0 4977.76
 0 4919.45
 0 4838.49
 0 4765.84
 0 4660.46
 0 4567.24
 0 4463.71
 0 4576.55
 0 4588.03
 0 4533.31
 0 4430.36
 0 4283.91
 0 4116.69
 0 3935.48
 0 3744.26
 0 3555.86
 0 3055.79
 0 2793.43
 0 2646.48
 0 2611.31
 0 2604.35
 0 2549.37
 0 2486.87
 0 2389.2
 0 2289.28
 0 2192.78
 0 2097.97
 0 2017.31
 0 1946.73
 0 1882.9
 0 1827.4
 0 1781.68
 0 1743.67
 0 1708.73
 0 1677.91
 0 1651.88
 0 1626.8
 0 1602.41
 0 1576.06
 0 1558.84
 0 1574.75
 0 1607.88
 0 1701.99
 0 1784.07
 0 1846.55
 0 1894.16
 0 1922.91
 0 1978.92
 0 2009.9
 0 2026.61
 0 2033.14
 0 2139.06
 0 2247.38
 0 2197.44
 0 2185.51
 0 2153.03
 0 2173.07
 0 2163.94
 0 2112.48
 0 2171.61
 0 2190.33
 0 2184.11
 0 2164.84
 0 2128.89
 0 2088.9
 0 2046.91
 0 2001.47
 0 1965.96
 0 1929.66
 0 1900.67
 0 1877.17
 0 1854.91
 0 1837.96
 0 1828.57
 0 1815.78
 0 1806.76
 0 1801.55
 0 1794.61
 0 1791.26
 0 1787.03
 0 1784.78
 0 1783.14
 0 1881.63
 0 1943.57
 0 1974.53
 0 1977.96
 0 1969.52
 0 1949.46
 0 1923.18
 0 1897.11
 0 1865.33
 0 1837.65
 0 1809.77
 0 1779.65
 0 1759.22
 0 1741.04
 0 1722.9
 0 1710.8
 0 1702.53
 0 1692.32
 0 1687.63
 0 1677.6
 0 1669.63
 0 1855.7
 0 1968.97
 0 2028.67
 0 2043.79
 0 2031.7
 0 1996.22
 0 1950.5
 0 1898.54
 0 1849.6
 0 1799.77
 0 1748.99
 0 1706.17
 0 1671.29
 0 1639.73
 0 1612.95
 0 1590.15
 0 1575.71
 0 1557.66
 0 1548.42
 0 1542.3
 0 1329.15
 0 1536.93
 0 1170.53
 0 0
 0 0
 0 234.748
 0 0
 0 149.276
 0 385.018
 0 556.592
 0 521.918
 0 521.05
 0 528.684
 0 629.22
 0 560.551
 0 624.152
 0 556.61
 0 578.022
 0 570.135
 0 595.871
 0 593.26
 0 675.23
 0 713.215
 0 657.921
 0 679.872
 0 648.329
 0 549.467
 0 687.204
 0 653.449
 0 649.924
 0 589.107
 0 573.925
 0 530.147
 0 492.146
 0 459.316
 0 562.354
 0 510.179
 0 512.082
 0 505.955
 0 497.246
 0 424.596
 0 423.59
 0 436.683
 0 497.937
 0 475.822
 0 478.806
 0 498.628
 0 1065.03
 0 508.928
 0 493.639
 0 489.756
 0 494.95
 0 525.497
 0 568.268
 0 458.339
 0 499.751
 0 499.826
 0 444.848
 0 439.456
 0 491.67
 0 421.227
 0 406.971
 0 415.97
 0 381.61
 0 385.649
 0 496.753
 0 540.825
 0 532.468
 0 559.651
 0 547.569
 0 566.353
 0 600.947
 0 582.095
 0 575.968
 0 608.358
 0 691.659
 0 621.959
 0 585.645
 0 590.379
 0 625.994
 0 599.302
 0 584.081
 0 621.212
 0 590.347
 0 692.703
 0 590.943
 0 589.267
 0 629.93
 0 577.701
 0 497.257
 0 552.156
 0 527.534
 0 530.915
 0 507.405
 0 461.499
 0 520.567
 0 543.917
 0 455.309
 0 470.811
 0 541.377
 0 576.486
 0 556.386
 0 574.714
 0 565.008
 0 563.25
 0 547.17
 0 565.717
 0 560.529
 0 562.794
 0 614.784
 0 643.878
 0 565.365
 0 598.062
 0 593.129
 0 565.652
 0 569.9
 0 549.434
 0 515.687
 0 522.077
 0 891.947
 0 404.071
 0 461.785
 0 804.365
 0 341.065
 0 413.032
 0 332.07
 0 396.218
 0 417.496
 0 240.193
 0 250.765
 0 252.182
 0 143.066
 0 235.24
 0 294.176
 0 304.918
 0 339.03
 0 281.402
 0 435.408
 0 412.006
 0 364.233
 0 393.48
 0 435.534
 0 338.858
 0 371.362
 0 236.044
 0 208.636
 0 225.949
 0 165.528
 0 153.905
 0 0
 0 0
 0 250.993
 0 364.846
 0 191.642
 0 189.315
 0 218.074
 0 237.381
 0 151.033
 0 149.907
 0 119.408
 0 286.826
 0 238.752
 0 284.226
 0 266.975
 0 230.677
 0 271.127
 0 221.267
 0 287.006
 0 273.332
 0 168.282
 0 161.647
