 14 1925.31 -1 80 80 2697.48 1559.96 2803.35 1602.33
 14 3669.47 -1 80 80 2650.26 1545.73 2803.86 1604.36
 14 3660.61 -1 80 80 2605.21 1531.34 2805.19 1607.16
 14 3664.38 -1 80 80 2556.45 1514.91 2806.13 1609.54
 14 3688.47 -1 80 80 2504.98 1498.01 2807.11 1612.01
 14 3716.02 -1 80 80 2455.86 1480.52 2808.31 1614.51
 14 3773.78 -1 80 80 2400.66 1459.99 2809.7 1617.45
 14 3843.51 -1 80 80 2346.56 1440.04 2811.91 1620.35
 14 3915.18 -1 80 80 2293.08 1419.83 2813.73 1623.77
 14 4014.67 -1 80 80 2233.7 1395.31 2816.26 1627.71
 14 4112.43 -1 80 80 2177.1 1373.29 2814.46 1623.91
 14 4217.14 -1 80 80 2117.89 1349.18 2817.81 1629.21
 14 4338.45 -1 80 80 2055.71 1321.35 2822.09 1635.43
 14 4440.56 -1 80 80 1997.78 1297.56 2826.68 1642.75
 14 4557.23 -1 80 80 1933.46 1269 2836.86 1658.89
 14 4678.86 -1 80 80 1869.26 1239.1 2842.24 1667.16
 14 4777.37 -1 80 80 1808.95 1211.49 2848.16 1676.17
 14 4891.9 -1 80 80 1741.52 1178.76 2854.75 1686.29
 14 4996.95 -1 80 80 1676.91 1147.5 2861.01 1695.19
 14 5081.07 -1 80 80 1614.34 1116.36 2866.68 1703.35
 14 5178.52 -1 80 80 1545.37 1081.46 2872.72 1712.13
 14 5262.1 -1 80 80 1479.96 1048.26 2878.27 1719.9
 14 5334.16 -1 80 80 1414.91 1012.87 2884.09 1727.78
 14 5411.02 -1 80 80 1346.23 976.248 2890.97 1738.15
 14 5458.29 -1 80 80 1283.06 943.111 2897.02 1747.22
 14 5508.87 -1 80 80 1216.22 903.967 2903.87 1756.21
 14 5547.25 -1 80 80 1151.16 867.215 2910 1765.7
 14 5562.04 -1 80 80 1088.79 831.782 2915.42 1773.89
 14 5593.7 -1 80 80 1020.48 791.107 2921.46 1783.39
 14 5594.09 -1 80 80 960.474 754.793 2927.56 1792.72
 14 5266.37 -1 80 80 960.474 754.793 2937.38 1807.9
 14 6002.84 -1 80 80 714.536 601.05 2946.25 1822
 14 6473.55 -1 80 80 653.241 560.891 2952.86 1832.25
 14 6694.22 -1 80 80 600.145 525.464 2957.31 1840.14
 14 6765.84 -1 80 80 540.833 485.231 2961.35 1847.15
 14 6713.62 -1 80 80 485.181 446.985 2964.42 1853.31
 14 6555.89 -1 80 80 434.852 410.689 2967.39 1858.78
 14 6359.89 -1 80 80 379.686 371.668 2970.18 1864.69
 14 6124.26 -1 80 80 329.618 335.318 2972.49 1869.87
 14 5863.89 -1 80 80 282.648 299.111 2974.2 1873.86
 14 5616.03 -1 80 80 232.661 261.665 2975.6 1877.57
 14 5356.9 -1 80 80 189.286 228.45 2976.06 1880.83
 14 5354.89 -1 80 80 102.203 158.346 2976.03 1884.53
 14 5262.71 -1 80 80 62.9474 125.766 2975.64 1886.66
 14 5128.24 -1 80 80 21.4387 90.98 2974.82 1887.71
 14 4940.76 -1 80 80 -13.9669 60.2931 2973.81 1887.82
 14 4729.84 -1 80 80 -49.4122 29.0495 2972.68 1887.08
 14 4104.37 -1 80 80 18.6527 20.9014 2971.43 1885.83
 14 3748.02 -1 80 80 -44.1208 -12.7769 2970.36 1884.05
 14 3552.11 -1 80 80 -98.896 -43.3041 2969.3 1882.45
 14 3624.01 -1 80 80 -188.369 -86.2441 2968.4 1880.74
 14 3581.95 -1 80 80 -212.767 -99.8707 2967.59 1879.28
 14 3462.55 -1 80 80 -236.591 -113.306 2967.07 1878.04
 14 3302.14 -1 80 80 -260.762 -127.983 2967.38 1877.21
 14 3120.55 -1 80 80 -285.257 -141.204 2966.99 1876.48
 14 2943.93 -1 80 80 -311.269 -155.652 2966.87 1875.9
 14 2776.27 -1 80 80 -335.946 -170.111 2966.73 1875.39
 14 2625.48 -1 80 80 -361.39 -183.848 2966.7 1875.14
 14 2497.69 -1 80 80 -387.308 -197.992 2966.55 1875.13
 14 2412.64 -1 80 80 -412.924 -211.546 2966.58 1875.06
 14 2327.06 -1 80 80 -437.95 -226.811 2966.55 1875.09
 14 2262.78 -1 80 80 -464.139 -240.854 2966.72 1875.24
 14 2214.08 -1 80 80 -489.863 -254.492 2966.91 1875.49
 14 2177.01 -1 80 80 -515.22 -267.95 2967.01 1875.76
 14 2154.08 -1 80 80 -541.164 -282.291 2967.31 1875.98
 14 2113.31 -1 80 80 -560.303 -295.43 2967.64 1876.23
 14 1836.62 -1 80 80 -521.429 -305.525 2967.87 1876.57
 14 1691.25 -1 80 80 -552.184 -319.125 2967.83 1876.66
 14 1630.65 -1 80 80 -580.761 -332.382 2968.01 1876.86
 14 1632.19 -1 80 80 -610.448 -345.145 2968.2 1877.24
 14 1691.11 -1 80 80 -643.097 -359.606 2968.46 1877.48
 14 1777.94 -1 80 80 -674.296 -372.527 2968.64 1877.75
 14 1884.64 -1 80 80 -706.719 -385.464 2968.97 1878.14
 14 2005.47 -1 80 80 -741.593 -396.683 2969.31 1879.01
 14 2121.7 -1 80 80 -773.279 -409.869 2969.46 1879.74
 14 2236.45 -1 80 80 -807.534 -422.282 2969.47 1880.68
 14 2341.52 -1 80 80 -841.986 -433.042 2969.44 1881.32
 14 2425.31 -1 80 80 -872.966 -446.835 2969.61 1881.89
 14 2449.7 -1 80 80 -893.414 -462.482 2970.22 1882.39
 14 2444.82 -1 80 80 -916.737 -478.742 2970.41 1882.89
 14 2409.51 -1 80 80 -938.282 -492.614 2970.49 1883.5
 14 2372.7 -1 80 80 -963.194 -508.305 2971.04 1884.09
 14 2335.53 -1 80 80 -988.173 -522.891 2971.34 1884.68
 14 2315.16 -1 80 80 -1016.13 -539.079 2971.61 1885.54
 14 2293.41 -1 80 80 -1041.47 -553.361 2972.22 1885.98
 14 2280.82 -1 80 80 -1068.93 -568.023 2972.21 1886.43
 14 2271.36 -1 80 80 -1096.02 -581.595 2972.53 1886.7
 14 2411.51 -1 80 80 -1153.04 -610.44 2972.79 1886.96
 14 2495.51 -1 80 80 -1184.27 -623.485 2973.02 1886.96
 14 2559.15 -1 80 80 -1214.79 -637.022 2972.79 1887.12
 14 2596.91 -1 80 80 -1244.72 -649.916 2972.79 1887.17
 14 2618.67 -1 80 80 -1276.2 -663.176 2972.78 1887.23
 14 2605.36 -1 80 80 -1301.34 -677.378 2973.17 1887.13
 14 2565.57 -1 80 80 -1325.37 -692.184 2973.33 1887.36
 14 2513.77 -1 80 80 -1350.45 -706.756 2973.18 1887.55
 14 2473.16 -1 80 80 -1373.71 -721.953 2973.06 1887.62
 14 2414.99 -1 80 80 -1399.61 -736.156 2973.12 1887.73
 14 2364.04 -1 80 80 -1425.96 -749.83 2973.09 1887.91
 14 2321.62 -1 80 80 -1452.16 -764.111 2972.86 1888.03
 14 2289.64 -1 80 80 -1479.37 -777.574 2973.03 1888.1
 14 2266.79 -1 80 80 -1506.72 -790.835 2973.3 1888.37
 14 2252 -1 80 80 -1534.64 -803.276 2973.35 1888.73
 14 2241.02 -1 80 80 -1561.54 -816.353 2973.25 1888.74
 14 2229.57 -1 80 80 -1586.69 -830.968 2973.36 1888.75
 14 2213.69 -1 80 80 -1610.91 -845.028 2973.6 1889.18
 14 2203.32 -1 80 80 -1636.86 -859.518 2973.33 1889.61
 14 2196.4 -1 80 80 -1663.13 -872.953 2973.18 1889.95
 14 2193.19 -1 80 80 -1689.39 -886.851 2973.32 1890.32
 14 2184.96 -1 80 80 -1714.74 -898.715 2973.47 1890.58
 14 2182.5 -1 80 80 -1740.47 -914.114 2973.26 1890.83
 14 2181.54 -1 80 80 -1766.29 -928.07 2973.15 1891
 14 2173.05 -1 80 80 -1790.4 -941.076 2973.28 1891.04
 14 2170.58 -1 80 80 -1817.25 -954.103 2973.27 1891.29
 14 2169.55 -1 80 80 -1842.93 -967.962 2973.05 1891.56
 14 2164.49 -1 80 80 -1867.3 -981.824 2972.98 1891.84
 14 2156.49 -1 80 80 -1892.25 -994.345 2972.82 1891.77
 14 2151.63 -1 80 80 -1917.9 -1007.83 2973 1892.01
 14 2270.64 -1 80 80 -1967.8 -1034.8 2973.12 1892.02
 14 2335.7 -1 80 80 -1991.5 -1047.11 2973.13 1892.11
 14 2368.43 -1 80 80 -2017.14 -1059.77 2973.29 1892.24
 14 2378.05 -1 80 80 -2042.75 -1072.9 2973.44 1892.11
 14 2364.98 -1 80 80 -2066.51 -1086.4 2973.39 1892.19
 14 2337.27 -1 80 80 -2090.74 -1099.04 2973.49 1892.3
 14 2309.87 -1 80 80 -2116.42 -1113.18 2973.39 1892.52
 14 2278.1 -1 80 80 -2141.21 -1125.96 2973.39 1892.63
 14 2240.92 -1 80 80 -2164.94 -1138.68 2973.14 1892.53
 14 2204.69 -1 80 80 -2188.89 -1152.16 2973.15 1892.73
 14 2175.85 -1 80 80 -2213.98 -1165.77 2973.44 1892.86
 14 2145.22 -1 80 80 -2236.93 -1179.23 2973.17 1892.86
 14 2120.52 -1 80 80 -2261.28 -1192.69 2973.29 1892.94
 14 1761.97 -1 80 80 -2281.8 -1204.31 2973.64 1893.02
 14 515.554 -1 80 80 -2288.14 -1201.44 2973.36 1892.98
 14 321.171 -1 80 80 -2289.37 -1197.24 2973.51 1893.18
 14 351.803 -1 80 80 -2291.5 -1192.96 2973.7 1893.18
 14 227.246 -1 80 80 -2292.93 -1190.19 2973.39 1893.4
 14 111.043 -1 80 80 -2293.55 -1188.74 2973.32 1893.62
 14 0 -1 80 80 -2293.22 -1187.93 2973.34 1893.71
 14 276.286 -1 80 80 -2289.89 -1189.69 2973.2 1893.68
 14 659.122 -1 80 80 -2283.93 -1196.28 2973.52 1893.92
 14 564.526 -1 80 80 -2279.97 -1202.79 2973.82 1894.05
 14 598.278 -1 80 80 -2276.02 -1209.82 2973.96 1894
 14 590.775 -1 80 80 -2273.17 -1217.26 2973.63 1894.14
 14 586.175 -1 80 80 -2270.45 -1224.68 2973.75 1894.42
 14 596.205 -1 80 80 -2268.52 -1232.49 2973.79 1894.64
 14 562.548 -1 80 80 -2268.39 -1240.08 2973.81 1895.22
 14 631.497 -1 80 80 -2268.8 -1248.58 2974 1895.25
 14 578.959 -1 80 80 -2270.6 -1256.18 2973.8 1895.46
 14 662.546 -1 80 80 -2272.14 -1264.97 2973.78 1895.62
 14 658.206 -1 80 80 -2275.16 -1273.31 2973.94 1895.94
 14 689.875 -1 80 80 -2277.87 -1282.19 2974.07 1896.08
 14 678.968 -1 80 80 -2280.78 -1290.86 2973.93 1896.22
 14 699.639 -1 80 80 -2284.52 -1299.51 2974.3 1896.23
 14 615.993 -1 80 80 -2286.68 -1307.53 2974.05 1896.26
 14 651.049 -1 80 80 -2290.23 -1315.55 2973.9 1896.37
 14 594.138 -1 80 80 -2292.09 -1323.34 2974.02 1896.5
 14 635.692 -1 80 80 -2295.36 -1331.26 2974.23 1896.75
 14 630.197 -1 80 80 -2297.97 -1339.34 2974.1 1896.89
 14 610.158 -1 80 80 -2300.13 -1347.28 2973.91 1896.9
 14 627.167 -1 80 80 -2303.48 -1355.04 2973.97 1896.98
 14 642.432 -1 80 80 -2305.8 -1363.38 2974.13 1897.03
 14 1234.95 -1 80 80 -2310.89 -1379.14 2974.01 1896.93
 14 1199.31 -1 80 80 -2314.18 -1386.92 2973.79 1896.64
 14 1135.28 -1 80 80 -2316.58 -1393.5 2973.69 1896.5
 14 1059.96 -1 80 80 -2318.61 -1401.24 2973.89 1896.81
 14 981.129 -1 80 80 -2320.67 -1408.92 2973.8 1896.66
 14 904.713 -1 80 80 -2324.08 -1416.2 2973.61 1896.77
 14 834.618 -1 80 80 -2326.55 -1423.85 2973.5 1896.85
 14 771.128 -1 80 80 -2329.29 -1430.97 2973.77 1897.07
 14 713.809 -1 80 80 -2331.29 -1437.85 2973.86 1897.09
 14 666.496 -1 80 80 -2334.4 -1444.95 2974.35 1897.02
 14 623.197 -1 80 80 -2336.62 -1451 2974.32 1896.96
 14 588.386 -1 80 80 -2338.87 -1457.83 2974.23 1897.03
 14 564.619 -1 80 80 -2341.59 -1465.27 2974.2 1897.15
 14 546.39 -1 80 80 -2344 -1472 2974.23 1897.37
 14 536.119 -1 80 80 -2346.1 -1479.61 2974.58 1897.42
 14 526.574 -1 80 80 -2348.8 -1485.72 2974.88 1897.42
 14 519.055 -1 80 80 -2351.1 -1492.2 2974.94 1897.33
 14 513.282 -1 80 80 -2352.95 -1498.82 2974.67 1897.17
 14 506.308 -1 80 80 -2355.2 -1504.65 2974.87 1897.38
 14 501.713 -1 80 80 -2357.8 -1511.02 2974.64 1897.41
 14 497.864 -1 80 80 -2359.42 -1517.47 2974.42 1897.41
 14 497.087 -1 80 80 -2362.07 -1524.12 2974.71 1897.32
 14 495.433 -1 80 80 -2363.94 -1530.31 2974.41 1897.32
 14 494.843 -1 80 80 -2367.02 -1536.46 2974.06 1897.36
 14 493.374 -1 80 80 -2369.31 -1542.48 2973.98 1897.42
 14 490.228 -1 80 80 -2371.51 -1548.25 2973.99 1897.39
 14 486.382 -1 80 80 -2373.69 -1554.09 2974.12 1897.42
 14 481.086 -1 80 80 -2375.01 -1559.96 2974.25 1897.5
 14 474.358 -1 80 80 -2377.83 -1565.1 2974.16 1897.39
 14 469.775 -1 80 80 -2380.09 -1571.1 2974.09 1897.4
 14 462.236 -1 80 80 -2381.8 -1576.17 2974.04 1897.46
 14 454.461 -1 80 80 -2383.42 -1581.6 2974.49 1897.55
 14 449.705 -1 80 80 -2385.53 -1587.5 2974.94 1897.54
 14 444.248 -1 80 80 -2387.32 -1592.79 2975.15 1897.42
 14 440.1 -1 80 80 -2389.44 -1598.32 2974.76 1897.43
 14 433.957 -1 80 80 -2390.7 -1603.39 2974.48 1897.43
 14 428.095 -1 80 80 -2392.85 -1608.45 2974.26 1897.4
 14 421.224 -1 80 80 -2393.83 -1613.56 2974.28 1897.41
 14 415.133 -1 80 80 -2396.1 -1618.47 2974.25 1897.27
 14 410.431 -1 80 80 -2397.88 -1623.67 2974.27 1897.15
 14 406.702 -1 80 80 -2399.52 -1628.86 2974.18 1897.03
 14 401.074 -1 80 80 -2401.51 -1633.26 2974.46 1897.18
 14 395.157 -1 80 80 -2403.37 -1637.87 2974.3 1897.16
 14 386.819 -1 80 80 -2404.56 -1642.09 2974.21 1897.32
 14 382.715 -1 80 80 -2406.9 -1647.21 2974.13 1897.44
 14 379.03 -1 80 80 -2408.24 -1652.03 2974.53 1897.43
 14 374.094 -1 80 80 -2409.56 -1656.43 2974.85 1897.25
 14 401.632 -1 80 80 -2411.91 -1661.35 2974.54 1897.23
 14 346.25 -1 80 80 -2413.39 -1665.81 2974.32 1897.07
 14 334.253 -1 80 80 -2414.78 -1670.14 2974.08 1897.14
 14 356.439 -1 80 80 -2416.38 -1674.72 2974.03 1897.29
 14 319.461 -1 80 80 -2417.92 -1678.79 2973.99 1897.41
 14 338.244 -1 80 80 -2419.2 -1683.2 2973.96 1897.54
 14 290.928 -1 80 80 -2420.71 -1686.88 2974.49 1897.63
 14 322.435 -1 80 80 -2422.04 -1691.06 2974.4 1897.61
 14 298.928 -1 80 80 -2423.02 -1695.02 2974.28 1897.66
 14 241.04 -1 80 80 -2423.9 -1698.2 2974.71 1897.64
 14 343.101 -1 80 80 -2425.42 -1702.61 2974.55 1897.67
 14 292.683 -1 80 80 -2426.57 -1706.44 2974.44 1897.65
 14 252.656 -1 80 80 -2427.35 -1709.81 2974.26 1897.71
 14 308.411 -1 80 80 -2428.75 -1713.77 2974.6 1897.59
 14 271.191 -1 80 80 -2429.49 -1717.4 2974.46 1897.68
 14 275.466 -1 80 80 -2429.7 -1721.16 2974.31 1897.58
 14 295.438 -1 80 80 -2431.25 -1724.88 2974.23 1897.43
 14 251.104 -1 80 80 -2431.66 -1728.3 2974.09 1897.38
 14 303.311 -1 80 80 -2432.5 -1732.35 2974.07 1897.36
 14 270.957 -1 80 80 -2432.76 -1736.04 2974.45 1897.36
 14 221.381 -1 80 80 -2433.58 -1738.97 2974.85 1897.47
 14 268.151 -1 80 80 -2434.21 -1742.58 2975.12 1897.3
 14 242.807 -1 80 80 -2435.45 -1745.67 2974.97 1897.3
 14 223.693 -1 80 80 -2435.69 -1748.73 2974.56 1897.26
 14 217.818 -1 80 80 -2435.79 -1751.73 2974.39 1897.26
 14 201.321 -1 80 80 -2436.51 -1754.41 2974.62 1897.34
 14 241.981 -1 80 80 -2436.74 -1757.72 2974.47 1897.33
 14 188.31 -1 80 80 -2436.62 -1760.32 2974.3 1897.42
 14 203.863 -1 80 80 -2437.41 -1763.01 2974.26 1897.48
 14 281.364 -1 80 80 -2438.31 -1766.75 2974.24 1897.55
 14 218.198 -1 80 80 -2438.66 -1769.73 2974.17 1897.57
 14 396.859 -1 80 80 -2439.26 -1775.08 2974.14 1897.45
 14 415.33 -1 80 80 -2439.88 -1780.67 2974.15 1897.36
 14 402.704 -1 80 80 -2440.84 -1786.05 2974.16 1897.35
 14 427.893 -1 80 80 -2440.8 -1791.84 2974.22 1897.36
 14 412.01 -1 80 80 -2439.89 -1797.35 2974.18 1897.46
 14 0 -1 80 80 -2439.89 -1797.35 2974.62 1897.38
 14 0 -1 80 80 -2439.89 -1797.35 2974.33 1897.44
 14 0 -1 80 80 -2439.89 -1797.35 2974.18 1897.49
 14 0 -1 80 80 -2439.89 -1797.35 2973.96 1897.41
 14 0 -1 80 80 -2439.89 -1797.35 2973.89 1897.52
 14 0 -1 80 80 -2439.89 -1797.35 2974.08 1897.62
 14 0 -1 80 80 -2439.89 -1797.35 2974.54 1897.42
 14 0 -1 80 80 -2439.89 -1797.35 2974.45 1897.4
 14 0 -1 80 80 -2439.89 -1797.35 2974.44 1897.39
 14 0 -1 80 80 -2439.89 -1797.35 2974.29 1897.44
 14 0 -1 80 80 -2439.89 -1797.35 2974.37 1897.41
 14 0 -1 80 80 -2439.89 -1797.35 2974.3 1897.51
 14 237.173 -1 80 80 -2481.77 -1803.22 2974.36 1897.55
 14 1692.2 -1 80 80 -2495.48 -1785.18 2974.43 1897.3
 14 857.474 -1 80 80 -2501.38 -1775.28 2974.3 1897.22
 14 632.882 -1 80 80 -2505.52 -1767.83 2974.23 1897.33
 14 688.443 -1 80 80 -2508.8 -1759.16 2974.22 1897.43
 14 562.838 -1 80 80 -2512.33 -1752.43 2974.28 1897.37
 14 1068.07 -1 80 80 -2520.25 -1740.49 2974.26 1897.44
 14 578.239 -1 80 80 -2516.2 -1747.15 2974.31 1897.55
 14 1096.74 -1 80 80 -2524.64 -1735.1 2974.24 1897.51
 14 540.165 -1 80 80 -2529.25 -1729.45 2974.28 1897.37
 14 562.643 -1 80 80 -2533.33 -1723.05 2974.22 1897.38
 14 524.832 -1 80 80 -2538.4 -1718.09 2974.37 1897.42
 14 490.693 -1 80 80 -2543.02 -1713.33 2974.32 1897.4
 14 1064.03 -1 80 80 -2554.15 -1704.38 2974.32 1897.46
 14 607.885 -1 80 80 -2560.38 -1699.06 2974.38 1897.46
 14 547.653 -1 80 80 -2565.83 -1694.07 2974.27 1897.44
 14 610.171 -1 80 80 -2572.49 -1689.24 2974.12 1897.22
 14 557.52 -1 80 80 -2578.79 -1685.13 2974.06 1897.15
 14 490.951 -1 80 80 -2585.02 -1682.83 2973.93 1897.24
 14 522.344 -1 80 80 -2591.87 -1681.15 2973.96 1897.2
 14 570.272 -1 80 80 -2599.33 -1679.24 2974.11 1897.35
 14 473.226 -1 80 80 -2605.73 -1679.09 2974.04 1897.41
 14 539.822 -1 80 80 -2612.91 -1677.87 2973.92 1897.4
 14 576.149 -1 80 80 -2620.59 -1676.65 2974.04 1897.42
 14 508.814 -1 80 80 -2627.43 -1676.01 2974.22 1897.34
 14 680.09 -1 80 80 -2636.56 -1676.75 2974.11 1897.43
 14 510.439 -1 80 80 -2643.46 -1676.66 2974.27 1897.52
 14 638.342 -1 80 80 -2652.03 -1677.41 2974.32 1897.43
 14 677.394 -1 80 80 -2661.08 -1676.23 2974.24 1897.47
 14 675.197 -1 80 80 -2670.07 -1677.56 2974.32 1897.52
 14 669.856 -1 80 80 -2679.09 -1677.17 2974.15 1897.28
 14 671.52 -1 80 80 -2688.12 -1677.53 2974.16 1897.3
 14 627.919 -1 80 80 -2696.59 -1677.61 2974.6 1897.31
 14 1294.49 -1 80 80 -2713.89 -1678.88 2974.53 1897.32
 14 722.013 -1 80 80 -2723.6 -1679.34 2974.83 1897.28
 14 674.987 -1 80 80 -2732.69 -1679.13 2974.74 1897.2
 14 622.171 -1 80 80 -2741.05 -1679.77 2974.51 1897.24
 14 640.559 -1 80 80 -2749.66 -1680.31 2974.82 1897.22
 14 654.6 -1 80 80 -2758.43 -1681.29 2974.68 1897.39
 14 635.836 -1 80 80 -2766.93 -1682.33 2974.56 1897.37
 14 567.125 -1 80 80 -2774.58 -1682.31 2974.44 1897.53
 14 610.504 -1 80 80 -2782.7 -1683.68 2974.2 1897.6
 14 540.17 -1 80 80 -2789.99 -1683.89 2974.12 1897.64
 14 606.984 -1 80 80 -2798.17 -1684.24 2974.28 1897.46
 14 533.305 -1 80 80 -2805.37 -1684.43 2974.13 1897.32
 14 534.285 -1 80 80 -2812.4 -1686.02 2974.12 1897.39
 14 536.958 -1 80 80 -2819.63 -1685.4 2974.13 1897.33
 14 423.685 -1 80 80 -2825.33 -1686.07 2974.16 1897.33
 14 559.498 -1 80 80 -2832.87 -1686.24 2974.14 1897.45
 14 441.954 -1 80 80 -2838.86 -1686.4 2974.05 1897.43
 14 484.183 -1 80 80 -2845.36 -1687.12 2974.1 1897.44
 14 452.79 -1 80 80 -2851.49 -1686.85 2974.19 1897.33
 14 463.662 -1 80 80 -2857.74 -1687.35 2974.18 1897.22
 14 436.823 -1 80 80 -2863.64 -1687.8 2974.15 1897.35
 14 448.544 -1 80 80 -2869.71 -1687.85 2974.1 1897.23
 14 470.632 -1 80 80 -2875.94 -1686.54 2974.32 1897.13
 14 423.911 -1 80 80 -2881.55 -1685.34 2974.32 1897.17
 14 632.806 -1 80 80 -2889.83 -1683.3 2974.34 1897.27
 14 588.267 -1 80 80 -2897.46 -1681.12 2974.22 1897.4
 14 645.121 -1 80 80 -2905.93 -1679.15 2974.24 1897.37
 14 677.149 -1 80 80 -2913.97 -1674.85 2974.31 1897.51
 14 676.095 -1 80 80 -2921.01 -1669.07 2974.26 1897.49
 14 777.041 -1 80 80 -2928.87 -1662.18 2974.28 1897.5
 14 708.999 -1 80 80 -2936.03 -1655.87 2974.22 1897.49
 14 710.528 -1 80 80 -2942.59 -1648.91 2974.22 1897.36
 14 741.402 -1 80 80 -2949.69 -1641.9 2974.18 1897.29
 14 622.455 -1 80 80 -2955.67 -1636.02 2974.2 1897.39
 14 619.247 -1 80 80 -2961.66 -1630.21 2974.28 1897.46
 14 571.548 -1 80 80 -2967.34 -1624.99 2974.23 1897.49
 14 499.54 -1 80 80 -2971.32 -1619.54 2974.13 1897.49
 14 417.314 -1 80 80 -2974.18 -1614.66 2974.6 1897.5
 14 483.929 -1 80 80 -2977.72 -1609.16 2974.97 1897.45
 14 318.401 -1 80 80 -2978.99 -1605.01 2974.64 1897.45
 14 331.428 -1 80 80 -2980.08 -1600.63 2974.97 1897.48
 14 253.65 -1 80 80 -2980.27 -1597.17 2974.75 1897.55
 14 257.338 -1 80 80 -2979.78 -1593.68 2974.59 1897.51
 14 187.003 -1 80 80 -2978.73 -1591.32 2974.5 1897.44
 14 313.859 -1 80 80 -2975.16 -1588.96 2974.42 1897.38
 14 425.177 -1 80 80 -2969.97 -1586.48 2974.38 1897.48
 14 373.941 -1 80 80 -2964.91 -1585.98 2974.38 1897.42
 14 446.411 -1 80 80 -2958.91 -1585.27 2974.34 1897.44
 14 547.91 -1 80 80 -2951.67 -1586.77 2974.19 1897.51
 14 453.554 -1 80 80 -2945.57 -1587.42 2974.12 1897.25
 14 581.516 -1 80 80 -2937.83 -1588.72 2974.17 1897.23
 14 588.922 -1 80 80 -2930.09 -1590.48 2974.26 1897.18
 14 561.659 -1 80 80 -2923.34 -1593.94 2974.07 1897.27
 14 577.362 -1 80 80 -2916.32 -1597.32 2974.08 1897.33
 14 477.869 -1 80 80 -2911.09 -1601.11 2973.93 1897.39
 14 476.461 -1 80 80 -2905.84 -1604.84 2974.1 1897.48
 14 397.36 -1 80 80 -2901.46 -1607.99 2974.16 1897.42
 14 319.872 -1 80 80 -2897.91 -1610.51 2974.17 1897.36
 14 355.924 -1 80 80 -2895.14 -1614.47 2974.27 1897.37
 14 565.187 -1 80 80 -2889.92 -1620.03 2974.26 1897.38
 14 185.476 -1 80 80 -2888.82 -1622.35 2974.24 1897.45
 14 475.544 -1 80 80 -2892.44 -1617.03 2974.32 1897.5
 14 639.004 -1 80 80 -2887.33 -1623.96 2974.78 1897.45
 14 184.151 -1 80 80 -2886.27 -1626.28 2974.6 1897.49
 14 293.846 -1 80 80 -2884.54 -1629.89 2974.35 1897.42
 14 0 -1 80 80 -2884.29 -1630.94 2974.33 1897.48
 14 126.515 -1 80 80 -2883.84 -1632.66 2974.49 1897.55
 14 0 -1 80 80 -2883.41 -1633.27 2974.36 1897.41
 14 0 -1 80 80 -2882.41 -1634.15 2974.82 1897.45
 14 103.136 -1 80 80 -2882.55 -1635.61 2974.77 1897.42
 14 0 -1 80 80 -2882.78 -1636.42 2974.52 1897.37
 14 0 -1 80 80 -2882.96 -1637.59 2974.24 1897.26
 14 130.756 -1 80 80 -2882.76 -1639.41 2974.12 1897.23
