 0 3145.1378349391325 80.0
 14 3540.1714042685844 80.0
 0 3684.615435204331 85.0
 14 4232.662004353407 85.0
 0 3591.0640249786693 90.0
 14 4599.158270195054 90.0
 0 3886.116143398348 95.0
 14 4675.680654479303 95.0
 14 5030.218746132717 100.0
 0 4588.668945313009 105.0
 14 5135.970850292377 105.0
 0 4894.635640545679 110.0
 14 4801.446888936709 110.0
 0 5006.971582626468 115.0
 14 4915.86070405387 115.0
 0 5033.329994262347 120.0
 14 5224.8058516488445 120.0
 0 5043.4421202349495 120.0
 6 4211.9042832526475 80.0
 15 3985.734411895755 80.0
 6 4157.159134224356 85.0
 15 4031.318935693379 85.0
 6 4809.87701712549 95.0
 15 4836.40213295338 95.0
 6 4822.594771747363 105.0
 15 4737.386968083144 105.0
 15 4844.160324968818 110.0
 6 4661.950877154327 115.0
 15 4807.934555875423 115.0
 15 4968.925815816734 120.0
 6 4669.824775689879 110.0
 6 4610.801425057471 105.0
 15 4705.297368596378 100.0
 15 4546.856159538512 95.0
 6 4855.2469490523345 95.0
 6 4560.271400425623 90.0
 15 4152.942237933959 85.0
 6 4488.561991000013 85.0
 15 4240.314396827315 80.0
 6 4360.483443682134 80.0
 15 3858.717936147834 75.0
 6 3944.254395006108 75.0
 15 3511.5611653875544 70.0
 6 3701.0992594018603 70.0
 15 3314.2336647517313 65.0
 6 3143.527385248139 65.0
 15 2609.8458242978645 60.0
