 15 1285.31 -1 95 95 3252.32 1845.93 3332.3 1908.19
 15 2598.69 -1 95 95 3217.42 1842.91 3333.57 1910.4
 15 2677.72 -1 95 95 3181.65 1838.13 3335.31 1913.3
 15 2697.34 -1 95 95 3141.4 1832.99 3336.68 1915.89
 15 2726.11 -1 95 95 3101.85 1827.92 3337.91 1918.64
 15 2783.03 -1 95 95 3057.34 1819.34 3339.27 1921.38
 15 2853.16 -1 95 95 3013.52 1810.35 3340.92 1924.38
 15 2945.67 -1 95 95 2965.8 1800.68 3342.66 1927.43
 15 3052.1 -1 95 95 2917.14 1791.17 3344.74 1931.07
 15 3179.19 -1 95 95 2865.21 1777.31 3347.56 1935.11
 15 3317.07 -1 95 95 2812.25 1764.37 3350.39 1940.04
 15 3476.16 -1 95 95 2754.84 1748.38 3353.94 1945.77
 15 3632.32 -1 95 95 2699.02 1734.21 3357.79 1952.21
 15 3800.31 -1 95 95 2638.97 1714.98 3362.57 1959.6
 15 3980.46 -1 95 95 2575.99 1694.83 3367.66 1967.48
 15 4163.48 -1 95 95 2511.79 1675.04 3373.08 1976.15
 15 4349.61 -1 95 95 2445.35 1653.23 3379.4 1985.18
 15 4537.9 -1 95 95 2377.14 1628.65 3386.41 1994.67
 15 4734.12 -1 95 95 2305.27 1602.66 3392.42 2003.36
 15 4915.59 -1 95 95 2235.21 1577.72 3392.29 2006.29
 15 5110.98 -1 95 95 2158.5 1547.68 3399.32 2015.06
 15 5289.4 -1 95 95 2085.22 1518.45 3405.8 2023
 15 5482.6 -1 95 95 2004.42 1485.41 3412.7 2031.72
 15 5654.96 -1 95 95 1927.55 1454.81 3419.55 2040.71
 15 5840.92 -1 95 95 1844.04 1417.29 3420.81 2044.91
 15 6010.51 -1 95 95 1763.64 1381.33 3428.84 2055.92
 15 6187.2 -1 95 95 1677.46 1342.59 3435.91 2066.8
 15 6337.16 -1 95 95 1595.57 1306.27 3443.57 2077.4
 15 6496.47 -1 95 95 1507.86 1262.39 3450.65 2088.1
 15 6639.41 -1 95 95 1422.48 1221.1 3456.46 2098.51
 15 6777.42 -1 95 95 1334.56 1177.37 3462.32 2108.69
 15 6899.68 -1 95 95 1247.48 1134.26 3467.66 2118.14
 15 7012.3 -1 95 95 1160.33 1086.9 3472.09 2125.13
 15 6678.44 -1 95 95 1160.33 1086.9 3478.3 2135.36
 15 7368.47 -1 95 95 896.908 945.03 3483.14 2143.24
 15 7471 -1 95 95 812.17 895.623 3487.03 2150.43
 15 7471 -1 95 95 725.09 843.595 3490.07 2157.2
 15 7471 -1 95 95 640.686 796.371 3492.18 2162.21
 15 7471 -1 95 95 555.872 745.137 3494.58 2167.5
 15 7471 -1 95 95 475.776 694.506 3496.36 2171.88
 15 7471 -1 95 95 392.523 641.117 3497.97 2175.79
 15 7471 -1 95 95 314.506 592.788 3498.75 2178.99
 15 7471 -1 95 95 235.602 539.96 3499.63 2181.44
 15 7471 -1 95 95 161.149 489.853 3499.96 2183.38
 15 7471 -1 95 95 84.9233 437.79 3499.5 2184.57
 15 7404.47 -1 95 95 14.9264 391.269 3498.76 2184.86
 15 7232.08 -1 95 95 -57.3481 337.877 3497.77 2184.25
 15 7045.61 -1 95 95 -122.703 289.939 3497.37 2183.16
 15 6876.95 -1 95 95 -191.565 240.523 3496.21 2181.8
 15 6691.97 -1 95 95 -252.073 194.401 3495.33 2179.82
 15 6516.42 -1 95 95 -313.557 145.848 3494.23 2177.81
 15 6344.02 -1 95 95 -372.315 98.8947 3493.34 2176.02
 15 6169.58 -1 95 95 -428.799 54.4086 3492.7 2174.58
 15 5988.69 -1 95 95 -481.414 10.5721 3492.41 2173.48
 15 5804.09 -1 95 95 -531.636 -32.6243 3491.88 2172.55
 15 5633.93 -1 95 95 -582.708 -76.953 3491.63 2171.62
 15 5386.78 -1 95 95 -611.382 -113.791 3491.84 2171.1
 15 4903.29 -1 95 95 -611.382 -113.791 3491.64 2170.85
 15 4286.61 -1 95 95 -611.382 -113.791 3491.84 2170.68
 15 3614.97 -1 95 95 -611.382 -113.791 3491.83 2170.78
 15 2944.99 -1 95 95 -611.382 -113.791 3492.17 2171.11
 15 2682.87 -1 95 95 156.228 -248.447 3492.44 2171.68
 15 4343.49 -1 95 95 53.5437 -282.816 3493.12 2171.98
 15 5054.52 -1 95 95 -52.1616 -324.533 3492.97 2172.69
 15 4919.27 -1 95 95 -161.707 -365.11 3492.99 2173.27
 15 4298.24 -1 95 95 -254.053 -396.032 3493.44 2173.92
 15 3515.99 -1 95 95 -342.038 -430.964 3493.8 2174.64
 15 2866.9 -1 95 95 -446.492 -464.7 3494.29 2175.01
 15 2744.92 -1 95 95 -533.647 -493.551 3494.88 2175.73
 15 3199.14 -1 95 95 -627.229 -523.97 3494.69 2176.31
 15 3970.92 -1 95 95 -722.993 -558.464 3494.84 2177.24
 15 4743.3 -1 95 95 -807.536 -583.924 3495.18 2178.25
 15 5442.3 -1 95 95 -895.58 -614.046 3495.29 2179.12
 15 5983.14 -1 95 95 -975.69 -637.107 3495.75 2180
 15 6412.42 -1 95 95 -1062.43 -666.094 3496.09 2180.71
 15 6596.71 -1 95 95 -1118.71 -686.273 3496.44 2181.28
 15 6414.05 -1 95 95 -1130.05 -706.368 3496.69 2181.69
 15 5994.5 -1 95 95 -1143.09 -724.867 3496.96 2182.21
 15 5443.64 -1 95 95 -1156.5 -745.725 3497.08 2183.08
 15 4836.4 -1 95 95 -1170.22 -764.889 3497.07 2184.06
 15 4236.38 -1 95 95 -1185.24 -785.153 3497.1 2184.67
 15 3681.36 -1 95 95 -1200.82 -804.742 3497.13 2185.18
 15 3197.11 -1 95 95 -1217.2 -824.539 3497.2 2185.64
 15 2800.41 -1 95 95 -1235.2 -844.805 3497.16 2185.81
 15 2491.66 -1 95 95 -1252.4 -863.661 3497.08 2185.9
 15 2269.15 -1 95 95 -1271.41 -883.387 3497.11 2186.03
 15 2107.19 -1 95 95 -1291.93 -903.25 3497.06 2186.15
 15 1996.72 -1 95 95 -1312.45 -921.214 3497.28 2186.16
 15 1934.91 -1 95 95 -1334.49 -940.779 3497.29 2186.31
 15 1906.14 -1 95 95 -1356.97 -959.273 3497.25 2186.35
 15 1898.52 -1 95 95 -1379.03 -977.387 3497.13 2186.7
 15 1911.58 -1 95 95 -1403.01 -995.486 3496.96 2186.75
 15 1937.83 -1 95 95 -1427.07 -1013.21 3497.06 2186.9
 15 1970.32 -1 95 95 -1451.79 -1029.6 3497.24 2187.2
 15 2011.28 -1 95 95 -1477.11 -1047.04 3497.4 2187.34
 15 2058.64 -1 95 95 -1504.02 -1063.48 3497.45 2187.52
 15 2107.41 -1 95 95 -1530.95 -1079.54 3497.45 2187.53
 15 2148.18 -1 95 95 -1556.83 -1094.45 3497.47 2187.63
 15 2187.53 -1 95 95 -1584.6 -1109.13 3497.76 2188.03
 15 2224.44 -1 95 95 -1612.76 -1123.36 3497.78 2188.24
 15 2255.25 -1 95 95 -1640.14 -1137.72 3497.84 2188.67
 15 2279.75 -1 95 95 -1668.67 -1149.99 3497.65 2188.97
 15 2304.75 -1 95 95 -1697.99 -1163.51 3497.63 2189.58
 15 2321.3 -1 95 95 -1726.27 -1175.41 3497.5 2189.76
 15 2332.67 -1 95 95 -1755.22 -1186.68 3497.54 2189.99
 15 2336.46 -1 95 95 -1783.46 -1197.51 3497.58 2190.14
 15 2339.97 -1 95 95 -1813.12 -1207.97 3497.77 2190.3
 15 2337.89 -1 95 95 -1842 -1217.14 3497.69 2190.46
 15 2334.36 -1 95 95 -1871.46 -1226.08 3497.83 2190.56
 15 2328.02 -1 95 95 -1900.31 -1235.15 3498.02 2190.73
 15 2318.02 -1 95 95 -1929.33 -1242.34 3498.02 2190.78
 15 2307.41 -1 95 95 -1958.45 -1249.95 3498 2190.94
 15 2285.53 -1 95 95 -1985.6 -1255.02 3497.94 2191
 15 2261.44 -1 95 95 -2013.54 -1260.49 3497.97 2191.29
 15 2242.93 -1 95 95 -2042.84 -1265.73 3498.07 2191.58
 15 2222.7 -1 95 95 -2069.81 -1273.75 3498.15 2191.58
 15 2216.51 -1 95 95 -2096.46 -1295.78 3498.07 2191.64
 15 2227.03 -1 95 95 -2123.78 -1318.71 3498.06 2191.87
 15 2252.5 -1 95 95 -2151.14 -1341.01 3498.11 2192.2
 15 2293.95 -1 95 95 -2179.2 -1363.59 3498.2 2192.43
 15 2345.25 -1 95 95 -2208 -1384.21 3498.1 2192.37
 15 2402.37 -1 95 95 -2236.75 -1405.88 3498.01 2192.44
 15 2455.14 -1 95 95 -2265.29 -1425.74 3498.16 2192.29
 15 2490.75 -1 95 95 -2293.55 -1445.39 3498.23 2192.39
 15 2511.82 -1 95 95 -2322.43 -1463.62 3498.44 2192.66
 15 2537.92 -1 95 95 -2351.19 -1482.53 3498.28 2192.82
 15 2557.25 -1 95 95 -2380.44 -1500.97 3498.25 2192.86
 15 2567.17 -1 95 95 -2409.84 -1517.78 3498.52 2192.99
 15 2570.76 -1 95 95 -2439.09 -1535.05 3498.8 2193.27
 15 2568.59 -1 95 95 -2469.12 -1550.61 3498.65 2193.48
 15 2555.42 -1 95 95 -2497.9 -1564.91 3498.81 2193.65
 15 2677.09 -1 95 95 -2555.74 -1593.56 3498.9 2193.83
 15 2738.54 -1 95 95 -2584.09 -1606.6 3498.61 2194.23
 15 2749.97 -1 95 95 -2612.11 -1617.63 3498.66 2194.41
 15 2729.58 -1 95 95 -2640.38 -1629.38 3498.6 2194.54
 15 2680.05 -1 95 95 -2667.2 -1639.55 3498.83 2194.84
 15 2618.91 -1 95 95 -2695.3 -1649.74 3498.78 2195.13
 15 2566.15 -1 95 95 -2723.2 -1667.05 3498.82 2195.15
 15 2528.71 -1 95 95 -2751.54 -1687.17 3498.96 2195.1
 15 2649.36 -1 95 95 -2807.56 -1726.09 3499.01 2195.08
 15 2720.14 -1 95 95 -2835.38 -1744.01 3498.9 2195.24
 15 2337.82 -1 95 95 -2779.06 -1707.56 3498.68 2195.33
 15 2359.88 -1 95 95 -2862.94 -1761.03 3498.66 2195.35
 15 2377.33 -1 95 95 -2890.41 -1777.49 3498.8 2195.39
 15 2392.71 -1 95 95 -2918.84 -1793.33 3498.89 2195.5
 15 2393.87 -1 95 95 -2945 -1807.72 3498.87 2195.65
 15 2390.78 -1 95 95 -2972.22 -1822.83 3498.8 2195.68
 15 2376.45 -1 95 95 -2998.86 -1835.09 3498.72 2195.72
 15 2356.36 -1 95 95 -3025.25 -1848.2 3498.82 2195.75
 15 2331.05 -1 95 95 -3051.12 -1861.04 3498.74 2195.77
 15 2462.22 -1 95 95 -3104.97 -1897.98 3498.56 2195.91
 15 2530.58 -1 95 95 -3132.71 -1916.29 3498.59 2196.02
 15 2121.98 -1 95 95 -3156.51 -1931.76 3498.66 2196.01
 15 0 -1 95 95 -3156.87 -1931.24 3498.65 2196
 15 277.303 -1 95 95 -3158.98 -1934.39 3498.73 2196.1
 15 257.228 -1 95 95 -3158.33 -1937.85 3498.82 2196.34
 15 190.518 -1 95 95 -3157.6 -1940.38 3498.65 2196.48
 15 154.98 -1 95 95 -3156.28 -1942.08 3498.51 2196.53
 15 125.047 -1 95 95 -3154.66 -1942.77 3498.51 2196.63
 15 100.684 -1 95 95 -3153.26 -1942.5 3498.23 2196.64
 15 114.361 -1 95 95 -3151.68 -1942.16 3498.38 2196.83
 15 196.038 -1 95 95 -3149.47 -1940.6 3498.61 2196.87
 15 297.416 -1 95 95 -3146.85 -1937.5 3498.86 2197.04
 15 338.153 -1 95 95 -3146.69 -1942.1 3499.28 2196.71
 15 199.996 -1 95 95 -3144.15 -1941.03 3499.08 2196.64
 15 280.287 -1 95 95 -3140.92 -1943.09 3498.96 2196.79
 15 530.776 -1 95 95 -3145.9 -1937.94 3498.81 2196.98
 15 850.063 -1 95 95 -3136.3 -1944.14 3498.86 2197.27
 15 380.283 -1 95 95 -3131.27 -1945.26 3499.01 2197.35
 15 481.052 -1 95 95 -3125.16 -1947.5 3499.23 2197.35
 15 306.543 -1 95 95 -3121 -1947.86 3499.22 2197.3
 15 372.623 -1 95 95 -3116.38 -1949.92 3499.23 2197.53
 15 337.347 -1 95 95 -3112.59 -1952.51 3499.23 2197.51
 15 531.127 -1 95 95 -3108.71 -1958.55 3499.1 2197.3
 15 652.921 -1 95 95 -3107.23 -1967.22 3498.95 2197.51
 15 613.627 -1 95 95 -3108.53 -1975.39 3498.99 2197.43
 15 600.527 -1 95 95 -3110.61 -1983.21 3499.12 2197.65
 15 637.039 -1 95 95 -3113.92 -1991.13 3499.16 2197.6
 15 618.323 -1 95 95 -3118.08 -1998.35 3499.21 2197.78
 15 643.109 -1 95 95 -3123.67 -2004.98 3499.45 2197.6
 15 1009.93 -1 95 95 -3134.28 -2013.42 3499.34 2197.76
 15 591.799 -1 95 95 -3140.8 -2018.01 3499.31 2197.76
 15 1056.42 -1 95 95 -3129.14 -2009.96 3499.43 2197.79
 15 1502.88 -1 95 95 -3145.95 -2021.04 3499.38 2197.61
