 0 0 -1 80 80 -2717.54 -1545.46 -2799.27 -1596.72
 0 696.643 -1 80 80 -2708.17 -1544.99 -2799.19 -1597.33
 0 2589.1 -1 80 80 -2673.66 -1539.75 -2799.27 -1598.93
 0 3134.31 -1 80 80 -2632.12 -1532.44 -2799.65 -1601.82
 0 3149.39 -1 80 80 -2587.4 -1523.3 -2799.86 -1605.26
 0 3170.08 -1 80 80 -2543.67 -1513.61 -2800.06 -1608.72
 0 3209.08 -1 80 80 -2496.49 -1502.97 -2800.08 -1612.21
 0 3474.19 -1 80 80 -2401.58 -1479.44 -2800 -1615.81
 0 3664.45 -1 80 80 -2354.25 -1467.01 -2799.99 -1619.8
 0 3142.81 -1 80 80 -2450.74 -1491.99 -2799.89 -1623.11
 0 3273.21 -1 80 80 -2302.51 -1452.27 -2799.59 -1627.7
 0 3400.63 -1 80 80 -2251.98 -1436.53 -2799.67 -1632.43
 0 3516.61 -1 80 80 -2201.86 -1421.29 -2799.94 -1637.81
 0 3878.52 -1 80 80 -2095.34 -1386.63 -2800.6 -1645.39
 0 4144.4 -1 80 80 -2042.47 -1366.31 -2801.66 -1653.56
 0 4337.75 -1 80 80 -1987.81 -1345.55 -2802.75 -1662.24
 0 4463.85 -1 80 80 -1934.49 -1325.68 -2803.56 -1670.02
 0 4538.84 -1 80 80 -1881.07 -1304.64 -2804.8 -1676.63
 0 4591.85 -1 80 80 -1823.77 -1282.88 -2806.12 -1683.79
 0 4613.12 -1 80 80 -1770.62 -1258.72 -2807.51 -1689.93
 0 4622.35 -1 80 80 -1714.82 -1234.89 -2809.18 -1696.54
 0 4617.03 -1 80 80 -1660.92 -1209.88 -2810.6 -1705.56
 0 4623.77 -1 80 80 -1602.02 -1184.2 -2812.36 -1712.98
 0 4622.52 -1 80 80 -1547.73 -1156.81 -2813.97 -1720.2
 0 4612.96 -1 80 80 -1493.55 -1131.09 -2815.67 -1728.51
 0 4599.63 -1 80 80 -1440.14 -1102.86 -2817.03 -1735.73
 0 4586.52 -1 80 80 -1386.45 -1074.31 -2818.01 -1743.27
 0 4577.17 -1 80 80 -1332.9 -1044.05 -2818.88 -1751.32
 0 4594.76 -1 80 80 -1275.06 -1010.34 -2819.54 -1758.01
 0 4578 -1 80 80 -1226.72 -984.172 -2820.17 -1763.8
 0 4570.28 -1 80 80 -1173.16 -952.413 -2820.79 -1768.92
 0 4548.02 -1 80 80 -1124.48 -921.847 -2821.22 -1773.8
 0 4520.89 -1 80 80 -1074.7 -891.607 -2821.19 -1778.52
 0 4486.54 -1 80 80 -1027.01 -860.252 -2820.74 -1783
 0 4456.12 -1 80 80 -978.208 -827.786 -2819.65 -1787.03
 0 4413.85 -1 80 80 -933.62 -795.63 -2818.2 -1790.31
 0 4375.69 -1 80 80 -886.939 -762.784 -2816.74 -1793.19
 0 4316.23 -1 80 80 -845.572 -732.847 -2814.91 -1795.03
 0 4264.78 -1 80 80 -801.736 -698.795 -2813.02 -1796.08
 0 4202.54 -1 80 80 -761.329 -667.655 -2811.36 -1796.53
 0 4140.23 -1 80 80 -720.307 -635.986 -2809.66 -1796.33
 0 4062.51 -1 80 80 -684.88 -603.994 -2808.16 -1795.49
 0 3984.54 -1 80 80 -647.205 -573.033 -2806.9 -1794.3
 0 3891.59 -1 80 80 -615.124 -542.056 -2806.05 -1792.75
 0 3814.98 -1 80 80 -578.937 -508.682 -2805.52 -1791.34
 0 3713.64 -1 80 80 -549.981 -481.104 -2805.43 -1789.94
 0 3622.01 -1 80 80 -517.989 -449.855 -2805.38 -1788.74
 0 3527.39 -1 80 80 -489.414 -419.955 -2805.58 -1787.71
 0 3426.13 -1 80 80 -463.229 -390.961 -2805.81 -1786.93
 0 3321.05 -1 80 80 -438.146 -362.645 -2806.3 -1786.21
 0 3220.96 -1 80 80 -413.605 -333.383 -2806.62 -1785.95
 0 3113.69 -1 80 80 -391.952 -306.652 -2806.84 -1785.67
 0 3015.65 -1 80 80 -369.95 -277.857 -2806.97 -1785.46
 0 2701.78 -1 80 80 -426.988 -251.448 -2807.21 -1785.3
 0 2553.54 -1 80 80 -383.411 -224.79 -2807.36 -1785.23
 0 2507.98 -1 80 80 -340.312 -197.711 -2807.47 -1785.26
 0 2522.29 -1 80 80 -299.312 -172.068 -2807.58 -1785.32
 0 2519.84 -1 80 80 -273.534 -152.718 -2807.53 -1785.38
 0 2470.23 -1 80 80 -257.49 -143.229 -2807.56 -1785.37
 0 2356.15 -1 80 80 -240.536 -134.721 -2807.53 -1785.42
 0 2220.05 -1 80 80 -224.979 -125.372 -2807.41 -1785.55
 0 2082.76 -1 80 80 -208.469 -115.327 -2807.46 -1785.7
 0 1951.71 -1 80 80 -191.674 -106.143 -2807.5 -1785.83
 0 1834.6 -1 80 80 -174.676 -96.7108 -2807.32 -1785.97
 0 1733.18 -1 80 80 -158.438 -86.5801 -2807.37 -1786.15
 0 1648.98 -1 80 80 -141.84 -76.5543 -2807.3 -1786.49
 0 1581.06 -1 80 80 -124.857 -67.1181 -2807.26 -1786.8
 0 1529.54 -1 80 80 -108.033 -56.7297 -2807.1 -1786.97
 0 1491.51 -1 80 80 -91.1673 -46.531 -2807.12 -1787.13
 0 1462.13 -1 80 80 -74.7703 -36.6596 -2807.01 -1787.47
 0 1062.95 -1 80 80 -159.223 -31.5366 -2806.81 -1787.59
 0 839.86 -1 80 80 -144.023 -21.8366 -2806.68 -1787.83
 0 742.269 -1 80 80 -128.548 -11.0406 -2806.33 -1788.07
 0 713.641 -1 80 80 -111.715 -1.59149 -2806.19 -1788.19
 0 725.662 -1 80 80 -94.6651 8.58506 -2806.06 -1788.2
 0 1071.76 -1 80 80 21.6772 24.7063 -2805.86 -1788.5
 0 1382.04 -1 80 80 37.1423 34.3931 -2805.77 -1788.74
 0 1604.15 -1 80 80 52.5934 43.8693 -2805.75 -1789.03
 0 1739.18 -1 80 80 66.7836 53.5158 -2805.58 -1789.21
 0 1807.94 -1 80 80 81.925 63.1279 -2805.48 -1789.5
 0 1823.04 -1 80 80 96.0143 73.0038 -2805.13 -1789.74
 0 1799.94 -1 80 80 110.161 82.3995 -2805.04 -1789.9
 0 1748.97 -1 80 80 123.566 91.5741 -2804.87 -1790.03
 0 1680.47 -1 80 80 136.477 100.843 -2804.94 -1790.23
 0 1603.18 -1 80 80 149.392 109.515 -2804.74 -1790.27
 0 1523.72 -1 80 80 162.189 117.993 -2804.45 -1790.39
 0 1444.49 -1 80 80 173.825 127.111 -2804.2 -1790.42
 0 1419.5 -1 80 80 195.453 141.387 -2803.99 -1790.6
 0 1424.17 -1 80 80 216.013 153.558 -2803.53 -1790.95
 0 1482.51 -1 80 80 242.931 170.184 -2803.29 -1791.21
 0 1535.94 -1 80 80 262.944 181.504 -2803.05 -1791.39
 0 1579.55 -1 80 80 282.032 192.881 -2802.99 -1791.58
 0 1612.22 -1 80 80 300.773 204.081 -2802.87 -1791.84
 0 1639.27 -1 80 80 320.272 215.678 -2802.74 -1792.09
 0 1653.96 -1 80 80 338.472 226.357 -2802.55 -1792.21
 0 1658.6 -1 80 80 356.278 237.33 -2802.55 -1792.41
 0 1659.18 -1 80 80 375.21 247.803 -2802.48 -1792.57
 0 1650.97 -1 80 80 392.175 258.868 -2802.44 -1792.59
 0 1631.14 -1 80 80 408.471 268.353 -2802.27 -1792.5
 0 1610.3 -1 80 80 425.582 279.021 -2802.2 -1792.44
 0 1586.22 -1 80 80 441.72 289.639 -2802.14 -1792.5
 0 1555.39 -1 80 80 456.617 299.675 -2802.17 -1792.72
 0 1539.12 -1 80 80 475.697 310.476 -2802.19 -1793.12
 0 1538.58 -1 80 80 495.542 322.151 -2802.19 -1793.31
 0 1542.38 -1 80 80 514.3 332.793 -2802.17 -1793.73
 0 1542.87 -1 80 80 531.424 343.469 -2802.05 -1794.11
 0 1544.13 -1 80 80 549.351 354.158 -2802.05 -1794.31
 0 1540.46 -1 80 80 566.391 363.943 -2802.03 -1794.6
 0 1534.01 -1 80 80 583.223 374.232 -2801.93 -1794.87
 0 1522.1 -1 80 80 599.267 384.09 -2801.94 -1795.05
 0 1512.84 -1 80 80 616.303 394.804 -2801.93 -1795.14
 0 1512.33 -1 80 80 635.066 405.497 -2801.79 -1795.09
 0 1518.28 -1 80 80 653.614 416.748 -2801.75 -1795.16
 0 1520.02 -1 80 80 670.783 426.628 -2801.67 -1795.2
 0 1518.93 -1 80 80 687.762 436.886 -2801.65 -1795.14
 0 1513.97 -1 80 80 704.35 446.912 -2801.81 -1795.13
 0 1512.02 -1 80 80 721.954 457.615 -2801.77 -1795.23
 0 1498.82 -1 80 80 736.002 468.285 -2801.74 -1795.31
 0 1468.7 -1 80 80 747.987 477.895 -2801.73 -1795.34
 0 1565.98 -1 80 80 793.24 493.094 -2801.7 -1795.42
 0 1632.15 -1 80 80 811.32 503.451 -2801.68 -1795.3
 0 1668.14 -1 80 80 828.033 513.992 -2801.64 -1795.36
 0 1686.7 -1 80 80 845.6 525.535 -2801.64 -1795.29
 0 1692.1 -1 80 80 864.054 535.404 -2801.61 -1795.28
 0 1683.45 -1 80 80 880.781 546.14 -2801.57 -1795.37
 0 1666.72 -1 80 80 897.953 556.529 -2801.54 -1795.38
 0 1649.38 -1 80 80 916.136 566.946 -2801.6 -1795.42
 0 1623.01 -1 80 80 932.424 576.245 -2801.46 -1795.48
 0 1598.38 -1 80 80 949.22 587.578 -2801.36 -1795.49
 0 1581.03 -1 80 80 967.623 598.236 -2801.38 -1795.44
 0 1561.1 -1 80 80 984.114 608.294 -2801.5 -1795.5
 0 1543.93 -1 80 80 1001.02 619.156 -2801.33 -1795.59
 0 1531.24 -1 80 80 1018.62 629.563 -2801.25 -1795.49
 0 1518.2 -1 80 80 1035.39 639.512 -2801.31 -1795.55
 0 1503.9 -1 80 80 1051.75 649.375 -2801.41 -1795.63
 0 1493.89 -1 80 80 1068.93 659.762 -2801.42 -1795.46
 0 1484 -1 80 80 1085.4 669.85 -2801.3 -1795.49
 0 1476.94 -1 80 80 1102.44 679.935 -2801.5 -1795.65
 0 1469.59 -1 80 80 1118.73 690.1 -2801.33 -1795.68
 0 1466.47 -1 80 80 1136.17 700.145 -2801.21 -1795.61
 0 1463.74 -1 80 80 1152.65 710.588 -2801.12 -1795.62
 0 1460.36 -1 80 80 1168.79 721.113 -2801.06 -1795.57
 0 1456.38 -1 80 80 1184.9 731.525 -2801.04 -1795.64
 0 1454.8 -1 80 80 1201.79 741.791 -2801.04 -1795.7
 0 1449.92 -1 80 80 1217.87 751.187 -2800.98 -1795.77
 0 1448.01 -1 80 80 1234.31 762.155 -2801.01 -1795.85
 0 1446.67 -1 80 80 1251.04 771.967 -2800.96 -1795.92
 0 1442.04 -1 80 80 1266.68 781.899 -2800.98 -1796.06
 0 1521.45 -1 80 80 1299.3 801.753 -2801 -1796.09
 0 1568.02 -1 80 80 1315 811.824 -2800.96 -1796.18
 0 1590.07 -1 80 80 1331.03 821.632 -2801.03 -1796.15
 0 1593.66 -1 80 80 1346.83 831.595 -2800.91 -1796.25
 0 1586.45 -1 80 80 1363.12 841.637 -2800.88 -1796.22
 0 1567.97 -1 80 80 1378.87 850.663 -2800.92 -1796.39
 0 1543.23 -1 80 80 1394.25 860.434 -2800.8 -1796.5
 0 1515.06 -1 80 80 1409.62 869.963 -2800.83 -1796.62
 0 1328.05 -1 80 80 1424.86 879.15 -2800.79 -1796.67
 0 1296.46 -1 80 80 1439.78 888.056 -2800.73 -1796.76
 0 1242.12 -1 80 80 1453.71 897.179 -2800.71 -1796.83
 0 539.033 -1 80 80 1459.65 901.396 -2800.72 -1796.95
 0 0 -1 80 80 1460.49 900.585 -2800.75 -1797.03
 0 0 -1 80 80 1461.33 900.202 -2800.73 -1797.11
 0 150.356 -1 80 80 1462.71 901.779 -2800.73 -1797.11
 0 168.957 -1 80 80 1464.76 900.654 -2800.73 -1797.1
 0 0 -1 80 80 1465.95 900.472 -2800.63 -1797.28
 0 199.231 -1 80 80 1468.65 900.992 -2800.62 -1797.23
 0 235.393 -1 80 80 1471.62 899.72 -2800.5 -1797.19
 0 195.799 -1 80 80 1474.32 899.579 -2800.62 -1797.22
 0 1143.06 -1 80 80 1489.6 898.343 -2800.59 -1797.34
 0 595.532 -1 80 80 1497.51 896.981 -2800.56 -1797.46
 0 548.783 -1 80 80 1504.62 899.074 -2800.63 -1797.53
 0 617.061 -1 80 80 1512.85 900.269 -2800.72 -1797.62
 0 566.742 -1 80 80 1520.25 902.189 -2800.55 -1797.7
 0 589.502 -1 80 80 1527.44 905.584 -2800.55 -1797.84
 0 588.899 -1 80 80 1534.47 909.296 -2800.49 -1797.75
 0 653.801 -1 80 80 1542.28 913.371 -2800.43 -1798.02
 0 631.463 -1 80 80 1549.52 917.843 -2800.38 -1798.14
 0 605.032 -1 80 80 1555.07 923.817 -2800.37 -1798.23
 0 552.928 -1 80 80 1560.87 928.516 -2800.32 -1798.12
 0 581.245 -1 80 80 1566.84 933.595 -2800.41 -1798.09
 0 575.802 -1 80 80 1572.18 939.245 -2800.43 -1798.15
 0 569.36 -1 80 80 1577.68 944.607 -2800.47 -1798.1
 0 563.558 -1 80 80 1583.02 950.016 -2800.49 -1798.01
 0 532.371 -1 80 80 1588.47 954.707 -2800.43 -1797.93
 0 505.036 -1 80 80 1592.83 959.959 -2800.49 -1797.81
 0 612.49 -1 80 80 1598.75 965.714 -2800.62 -1797.89
 0 457.732 -1 80 80 1602.62 970.555 -2800.59 -1797.86
 0 563.543 -1 80 80 1608.04 975.883 -2800.65 -1798.02
 0 514.703 -1 80 80 1613.35 980.37 -2800.55 -1797.93
 0 458.019 -1 80 80 1618.66 983.565 -2800.55 -1797.94
 0 406.877 -1 80 80 1623.13 986.81 -2800.59 -1798.06
 0 415.124 -1 80 80 1628 989.617 -2800.58 -1798.21
 0 483.442 -1 80 80 1634.01 992.181 -2800.67 -1798.16
 0 336.936 -1 80 80 1638.38 993.577 -2800.59 -1798.06
 0 443.216 -1 80 80 1643.93 995.866 -2800.59 -1798.05
 0 471.395 -1 80 80 1649.98 997.869 -2800.56 -1798.13
 0 477.283 -1 80 80 1655.9 1000.43 -2800.52 -1798.27
 0 566.528 -1 80 80 1663.05 1003.16 -2800.52 -1798.02
 0 432.48 -1 80 80 1668.35 1005.65 -2800.59 -1798.14
 0 498.06 -1 80 80 1674.89 1007.22 -2800.63 -1798.06
 0 573.317 -1 80 80 1682.4 1009.07 -2800.64 -1798.04
 0 470.731 -1 80 80 1688.33 1011.4 -2800.6 -1798.26
 0 504.198 -1 80 80 1695.07 1012.37 -2800.57 -1798.18
 0 572.094 -1 80 80 1702.46 1014.6 -2800.62 -1798.05
 0 585.852 -1 80 80 1710.32 1015.44 -2800.64 -1797.97
 0 508.54 -1 80 80 1717.09 1016.61 -2800.59 -1797.9
 0 469.407 -1 80 80 1723.43 1017.07 -2800.63 -1797.95
 0 500.151 -1 80 80 1730.18 1017.33 -2800.56 -1798.03
 0 546.7 -1 80 80 1737.52 1018.05 -2800.49 -1798.13
 0 590.558 -1 80 80 1745.47 1018.54 -2800.4 -1798.14
 0 505.252 -1 80 80 1752.29 1019.02 -2800.44 -1798
 0 556.813 -1 80 80 1759.79 1019.33 -2800.49 -1798.03
 0 548.271 -1 80 80 1767.19 1019.16 -2800.56 -1797.92
 0 575.367 -1 80 80 1774.95 1018.9 -2800.62 -1798.06
 0 673.369 -1 80 80 1784.02 1019.19 -2800.61 -1798.01
 0 383.194 -1 80 80 1789.21 1019.49 -2800.62 -1797.87
 0 550.242 -1 80 80 1796.59 1018.68 -2800.57 -1798
 0 527.155 -1 80 80 1803.69 1018.21 -2800.61 -1798.13
 0 563.084 -1 80 80 1811.28 1017.82 -2800.66 -1798.02
 0 474.547 -1 80 80 1817.61 1018.89 -2800.59 -1797.88
 0 475.692 -1 80 80 1824.05 1018.9 -2800.62 -1798
 0 537.291 -1 80 80 1831.3 1018.67 -2800.63 -1798.14
 0 476.621 -1 80 80 1837.66 1019.72 -2800.58 -1798.15
 0 541.459 -1 80 80 1844.87 1020.91 -2800.66 -1798.13
 0 347.24 -1 80 80 1849.27 1022.61 -2800.67 -1798.1
 0 449.035 -1 80 80 1854.72 1025.32 -2800.69 -1798.13
 0 443.258 -1 80 80 1860.2 1027.75 -2800.74 -1798.15
 0 497.658 -1 80 80 1865.64 1031.7 -2800.78 -1798.23
 0 567.218 -1 80 80 1871.63 1036.47 -2800.77 -1798.26
 0 655.049 -1 80 80 1878.33 1042.22 -2800.77 -1798.41
 0 693.586 -1 80 80 1885.82 1047.8 -2800.76 -1798.25
 0 676.275 -1 80 80 1892.81 1053.63 -2800.87 -1798.07
 0 752.385 -1 80 80 1899.79 1060.97 -2800.8 -1798.03
 0 866.723 -1 80 80 1908.26 1068.96 -2800.65 -1798.16
 0 779.761 -1 80 80 1915.9 1076.14 -2800.74 -1798.11
 0 789.695 -1 80 80 1924.24 1085.89 -2800.78 -1798.14
 0 939.721 -1 80 80 1933.21 1094.77 -2800.7 -1798.08
 0 1005.88 -1 80 80 1942.95 1104.12 -2800.59 -1798.2
 0 1044.8 -1 80 80 1952.61 1114.29 -2800.5 -1798.4
 0 1051.02 -1 80 80 1962.46 1126.23 -2800.48 -1798.53
 0 1058.49 -1 80 80 1972.79 1135.98 -2800.62 -1798.29
 0 1166.39 -1 80 80 1983.37 1147.49 -2800.59 -1798.27
 0 1172.33 -1 80 80 1994.42 1158.68 -2800.61 -1798.35
 0 1179.21 -1 80 80 2006.24 1169.19 -2800.57 -1798.24
 0 1215.62 -1 80 80 2017.27 1181.19 -2800.53 -1798.26
 0 1224.8 -1 80 80 2028.94 1192.75 -2800.49 -1798.36
 0 1203.02 -1 80 80 2040.22 1204.27 -2800.52 -1798.47
 0 1254.19 -1 80 80 2051.83 1216.43 -2800.51 -1798.55
 0 1267.19 -1 80 80 2063.93 1228.36 -2800.49 -1798.49
 0 1303.16 -1 80 80 2077.07 1239.87 -2800.47 -1798.38
 0 1149.07 -1 80 80 2087.7 1251.02 -2800.53 -1798.42
 0 1311.94 -1 80 80 2100.75 1262.81 -2800.42 -1798.35
 0 1227.15 -1 80 80 2112.81 1274 -2800.31 -1798.48
 0 1337.01 -1 80 80 2126.1 1286.02 -2800.45 -1798.48
 0 1246.28 -1 80 80 2139.21 1296.37 -2800.54 -1798.57
 0 1222.17 -1 80 80 2151.68 1307.01 -2800.52 -1798.59
 0 1271.1 -1 80 80 2164.37 1318.38 -2800.47 -1798.44
 0 1249.23 -1 80 80 2177.48 1328.8 -2800.37 -1798.28
 0 1128.75 -1 80 80 2189.27 1338.3 -2800.54 -1798.33
 0 1229 -1 80 80 2202.01 1348.75 -2800.52 -1798.29
 0 1150.33 -1 80 80 2215.03 1357.04 -2800.51 -1798.46
 0 1131.62 -1 80 80 2226.86 1366.55 -2800.48 -1798.45
 0 1142.27 -1 80 80 2239.64 1374.99 -2800.43 -1798.5
 0 1057.25 -1 80 80 2251.57 1382.67 -2800.44 -1798.38
 0 1098.56 -1 80 80 2263.39 1391.48 -2800.45 -1798.48
 0 1083.97 -1 80 80 2275.55 1399.45 -2800.41 -1798.56
 0 1014.24 -1 80 80 2287.58 1405.82 -2800.45 -1798.42
 0 1100.59 -1 80 80 2299.87 1414.01 -2800.58 -1798.37
 0 1054.02 -1 80 80 2312.17 1421 -2800.52 -1798.38
 0 998.146 -1 80 80 2324.17 1426.96 -2800.6 -1798.39
 0 1080.44 -1 80 80 2336.71 1434.23 -2800.67 -1798.44
 0 1022.79 -1 80 80 2349.12 1440.1 -2800.62 -1798.39
 0 993.656 -1 80 80 2361.1 1445.97 -2800.59 -1798.41
 0 992.336 -1 80 80 2372.65 1452.61 -2800.57 -1798.45
 0 935.649 -1 80 80 2384.18 1457.59 -2800.58 -1798.24
 0 971.563 -1 80 80 2395.91 1463.31 -2800.6 -1798.13
 0 942.485 -1 80 80 2407.26 1468.92 -2800.63 -1798.12
 0 970.262 -1 80 80 2419.44 1473.54 -2800.48 -1798.29
 0 852.196 -1 80 80 2430 1477.97 -2800.59 -1798.29
 0 937.699 -1 80 80 2441.46 1483.19 -2800.56 -1798.35
 0 829.648 -1 80 80 2452.01 1486.82 -2800.49 -1798.5
 0 875.214 -1 80 80 2462.82 1491.43 -2800.52 -1798.4
 0 873.118 -1 80 80 2474.11 1494.63 -2800.54 -1798.35
 0 859.383 -1 80 80 2485.23 1497.77 -2800.49 -1798.28
 0 827.398 -1 80 80 2495.75 1501.37 -2800.53 -1798.14
 0 839.255 -1 80 80 2506.47 1504.89 -2800.57 -1798.14
 0 783.829 -1 80 80 2516.72 1507.34 -2800.51 -1798.22
 0 785.877 -1 80 80 2526.73 1510.74 -2800.45 -1798.12
 0 753.503 -1 80 80 2536.5 1513.44 -2800.41 -1798.4
 0 799.19 -1 80 80 2547.07 1515.37 -2800.42 -1798.41
 0 735.479 -1 80 80 2556.3 1518.96 -2800.53 -1798.49
 0 695.621 -1 80 80 2565.1 1522.17 -2800.45 -1798.6
 0 678.133 -1 80 80 2574.06 1523.91 -2800.52 -1798.44
 0 689.145 -1 80 80 2582.93 1526.65 -2800.46 -1798.4
 0 688.964 -1 80 80 2591.7 1529.66 -2800.57 -1798.35
 0 668.706 -1 80 80 2600.45 1531.83 -2800.58 -1798.3
 0 648.777 -1 80 80 2609.09 1533.11 -2800.5 -1798.45
 0 640.986 -1 80 80 2617.41 1535.44 -2800.42 -1798.38
 0 574.362 -1 80 80 2624.86 1537.55 -2800.38 -1798.45
 0 636.416 -1 80 80 2633.17 1539.71 -2800.37 -1798.49
 0 614.308 -1 80 80 2641.4 1540.59 -2800.4 -1798.62
 0 621.533 -1 80 80 2649.38 1543.15 -2800.52 -1798.37
 0 495.146 -1 80 80 2655.68 1545.39 -2800.5 -1798.46
 0 384.6 -1 80 80 2660.81 1546.39 -2800.51 -1798.38
 0 220.049 -1 80 80 2663.8 1546.83 -2800.49 -1798.46
 0 213.415 -1 80 80 2666.2 1545.14 -2800.35 -1798.75
 0 162.832 -1 80 80 2667.97 1543.74 -2800.39 -1798.45
 0 130.629 -1 80 80 2669.18 1542.36 -2800.42 -1798.38
 0 114.794 -1 80 80 2669.9 1540.9 -2800.5 -1798.41
 0 266.685 -1 80 80 2671.46 1537.61 -2800.53 -1798.46
 0 163.13 -1 80 80 2673.16 1536.12 -2800.45 -1798.64
 0 272.797 -1 80 80 2674.74 1532.74 -2800.52 -1798.36
 0 295.466 -1 80 80 2676.78 1529.27 -2800.52 -1798.39
 0 258.14 -1 80 80 2676.94 1525.74 -2800.53 -1798.34
 0 171.598 -1 80 80 2677.11 1523.36 -2800.67 -1798.33
 0 231.501 -1 80 80 2677.61 1520.23 -2800.6 -1798.6
 0 241.777 -1 80 80 2678.18 1516.96 -2800.51 -1798.54
 0 196.663 -1 80 80 2678.48 1514.27 -2800.33 -1798.52
 0 130.472 -1 80 80 2679.92 1513.14 -2800.43 -1798.51
 0 0 -1 80 80 2679.12 1512.31 -2800.49 -1798.52
 0 0 -1 80 80 2679.34 1511.49 -2800.48 -1798.53
 0 0 -1 80 80 2679.31 1511.6 -2800.4 -1798.55
 0 0 -1 80 80 2680.13 1512.07 -2800.33 -1798.4
 0 0 -1 80 80 2680.62 1513.36 -2800.27 -1798.34
 0 156.51 -1 80 80 2681.82 1515.18 -2800.44 -1798.33
 0 307.935 -1 80 80 2683.3 1519.1 -2800.56 -1798.2
 0 198.971 -1 80 80 2684.98 1521.28 -2800.43 -1798.27
 0 237.764 -1 80 80 2686.7 1524.05 -2800.51 -1798.28
 0 299.626 -1 80 80 2689.22 1527.27 -2800.55 -1798.29
 0 373.08 -1 80 80 2692.36 1531.24 -2800.41 -1798.39
 0 261.77 -1 80 80 2695.3 1533.28 -2800.44 -1798.57
 0 297.213 -1 80 80 2698.03 1536.28 -2800.37 -1798.58
 0 245.794 -1 80 80 2700.4 1538.67 -2800.48 -1798.35
 0 288.158 -1 80 80 2703.37 1541.25 -2800.53 -1798.31
 0 145.683 -1 80 80 2705.01 1542.46 -2800.44 -1798.32
 0 108.435 -1 80 80 2705.62 1543.86 -2800.52 -1798.3
 0 111.637 -1 80 80 2707.2 1543.89 -2800.64 -1798.59
 0 0 -1 80 80 2708.35 1544.64 -2800.57 -1798.67
 0 0 -1 80 80 2708.38 1545.04 -2800.54 -1798.57
 0 0 -1 80 80 2708.9 1545.61 -2800.55 -1798.56
 0 0 -1 80 80 2708.27 1545.04 -2800.48 -1798.56
 0 0 -1 80 80 2708.42 1546.08 -2800.55 -1798.4
 0 0 -1 80 80 2709.19 1547.19 -2800.48 -1798.65
 0 0 -1 80 80 2709.65 1547.16 -2800.43 -1798.54
 0 0 -1 80 80 2709.46 1547.32 -2800.38 -1798.33
 0 0 -1 80 80 2710.35 1547.33 -2800.27 -1798.34
 0 0 -1 80 80 2711.28 1547.97 -2800.3 -1798.4
 0 0 -1 80 80 2711.75 1548.09 -2800.41 -1798.6
 0 0 -1 80 80 2711.63 1548.01 -2800.64 -1798.17
 0 0 -1 80 80 2711.42 1547.75 -2800.61 -1798.23
 0 0 -1 80 80 2712.05 1548.62 -2800.48 -1798.17
 0 0 -1 80 80 2712.16 1548.24 -2800.45 -1798.28
 0 0 -1 80 80 2712.09 1547.96 -2800.32 -1798.52
 0 0 -1 80 80 2712.56 1548 -2800.42 -1798.46
 0 0 -1 80 80 2713.46 1548.52 -2800.52 -1798.48
 0 0 -1 80 80 2713.89 1548.47 -2800.51 -1798.49
 0 0 -1 80 80 2713.75 1548.32 -2800.49 -1798.54
 0 0 -1 80 80 2713.72 1548.48 -2800.52 -1798.47
 0 0 -1 80 80 2714.58 1548.55 -2800.49 -1798.44
 0 0 -1 80 80 2714.7 1548.59 -2800.47 -1798.4
 0 0 -1 80 80 2714.9 1548.82 -2800.41 -1798.42
 0 0 -1 80 80 2715.95 1548.48 -2800.38 -1798.6
 0 0 -1 80 80 2715.48 1548.83 -2800.4 -1798.43
 0 0 -1 80 80 2716.53 1549.46 -2800.43 -1798.21
 0 0 -1 80 80 2716.96 1549.37 -2800.45 -1798.26
 0 0 -1 80 80 2717.15 1548.81 -2800.46 -1798.27
 0 0 -1 80 80 2717.26 1549.57 -2800.59 -1798.31
 0 0 -1 80 80 2718.3 1549.81 -2800.44 -1798.35
 0 0 -1 80 80 2718.17 1549.63 -2800.38 -1798.39
 0 0 -1 80 80 2718.54 1549.65 -2800.38 -1798.3
 0 0 -1 80 80 2719.56 1549.98 -2800.29 -1798.46
 0 0 -1 80 80 2719.92 1549.86 -2800.39 -1798.6
 0 0 -1 80 80 2719.27 1549.86 -2800.59 -1798.38
 0 0 -1 80 80 2719.37 1550.06 -2800.52 -1798.45
 0 0 -1 80 80 2720.09 1550.42 -2800.53 -1798.47
 0 0 -1 80 80 2720.23 1550.65 -2800.38 -1798.36
 0 0 -1 80 80 2720.07 1550.49 -2800.4 -1798.61
 0 0 -1 80 80 2720.44 1550.5 -2800.51 -1798.44
 0 0 -1 80 80 2720.61 1551.13 -2800.57 -1798.36
 0 0 -1 80 80 2720.92 1551.26 -2800.63 -1798.35
 0 0 -1 80 80 2720.98 1551.21 -2800.47 -1798.36
 0 0 -1 80 80 2721.6 1552.31 -2800.34 -1798.53
 0 0 -1 80 80 2722.22 1552.41 -2800.24 -1798.55
 0 0 -1 80 80 2722.06 1552.46 -2800.36 -1798.43
 0 0 -1 80 80 2722.15 1552.65 -2800.36 -1798.38
 0 0 -1 80 80 2722.54 1552.92 -2800.48 -1798.47
 0 0 -1 80 80 2722.81 1552.79 -2800.35 -1798.4
 0 0 -1 80 80 2723.07 1552.96 -2800.2 -1798.6
 0 0 -1 80 80 2722.42 1552.92 -2800.3 -1798.43
 0 0 -1 80 80 2723.07 1552.71 -2800.49 -1798.41
 0 0 -1 80 80 2723.56 1553.3 -2800.42 -1798.42
 0 0 -1 80 80 2723.56 1553.9 -2800.59 -1798.44
 0 0 -1 80 80 2723.62 1553.28 -2800.55 -1798.71
 0 0 -1 80 80 2723.34 1553.34 -2800.65 -1798.51
 0 0 -1 80 80 2723.57 1553.78 -2800.5 -1798.34
 0 0 -1 80 80 2723.79 1553.77 -2800.44 -1798.42
 0 0 -1 80 80 2724.35 1553.69 -2800.46 -1798.35
 0 0 -1 80 80 2724.22 1553.61 -2800.38 -1798.53
 0 0 -1 80 80 2723.67 1553.11 -2800.42 -1798.52
 0 0 -1 80 80 2724.14 1553.87 -2800.25 -1798.44
 0 0 -1 80 80 2724.54 1554.2 -2800.29 -1798.41
 0 0 -1 80 80 2724.77 1553.94 -2800.31 -1798.3
 0 0 -1 80 80 2724.5 1553.59 -2800.34 -1798.38
 0 0 -1 80 80 2724.94 1553.99 -2800.34 -1798.36
 0 0 -1 80 80 2724.71 1553.95 -2800.35 -1798.52
 0 0 -1 80 80 2725.69 1554.13 -2800.33 -1798.59
 0 0 -1 80 80 2725.69 1554.02 -2800.48 -1798.4
 0 0 -1 80 80 2725.5 1553.91 -2800.43 -1798.55
 0 0 -1 80 80 2725.64 1553.86 -2800.47 -1798.54
 0 0 -1 80 80 2726.03 1554.59 -2800.46 -1798.32
 0 0 -1 80 80 2725.75 1554.27 -2800.44 -1798.54
 0 0 -1 80 80 2725.78 1553.81 -2800.42 -1798.5
 0 0 -1 80 80 2725.82 1554.32 -2800.25 -1798.45
 0 0 -1 80 80 2726.37 1554.18 -2800.26 -1798.33
 0 0 -1 80 80 2726.17 1554.46 -2800.24 -1798.46
 0 0 -1 80 80 2725.66 1554.04 -2800.29 -1798.53
 0 0 -1 80 80 2725.55 1553.67 -2800.19 -1798.53
 0 0 -1 80 80 2726.07 1554.1 -2800.23 -1798.53
 0 0 -1 80 80 2726.38 1554.45 -2800.28 -1798.47
 0 0 -1 80 80 2725.91 1554.44 -2800.35 -1798.62
 0 0 -1 80 80 2725.88 1554.45 -2800.43 -1798.49
 0 0 -1 80 80 2726.01 1554.1 -2800.36 -1798.45
 0 0 -1 80 80 2726.17 1554.49 -2800.61 -1798.46
 0 0 -1 80 80 2726.3 1554.18 -2800.64 -1798.58
 0 0 -1 80 80 2725.87 1554.65 -2800.49 -1798.57
 0 0 -1 80 80 2725.91 1554.26 -2800.46 -1798.66
 0 0 -1 80 80 2726.16 1554.58 -2800.41 -1798.42
 0 0 -1 80 80 2726.51 1554.42 -2800.52 -1798.29
 0 0 -1 80 80 2726.02 1554.55 -2800.45 -1798.41
 0 0 -1 80 80 2725.75 1553.99 -2800.43 -1798.56
 0 0 -1 80 80 2726.03 1553.74 -2800.3 -1798.73
 0 0 -1 80 80 2726.22 1553.99 -2800.36 -1798.49
