 6 1853.33 -1 105 105 -3401.44 -1936.4 -3499.63 -2000.71
 6 3625.15 -1 105 105 -3352.87 -1932.53 -3499.75 -2003.09
 6 3629.5 -1 105 105 -3303.36 -1927.91 -3500.15 -2006.42
 6 3670.39 -1 105 105 -3246.3 -1920.95 -3500.08 -2009.61
 6 3718.05 -1 105 105 -3192.84 -1914.23 -3500.2 -2012.88
 6 3793.61 -1 105 105 -3133.63 -1905.22 -3500.18 -2016.03
 6 3887.32 -1 105 105 -3073.81 -1894.72 -3499.93 -2019.29
 6 3990.83 -1 105 105 -3013.39 -1884.24 -3499.68 -2022.5
 6 4140.77 -1 105 105 -2942.8 -1871.16 -3499.46 -2026.34
 6 4286.62 -1 105 105 -2878.37 -1858.95 -3499.66 -2030.99
 6 4453 -1 105 105 -2807.08 -1843.62 -3500.32 -2036.08
 6 4613.12 -1 105 105 -2738.45 -1827.42 -3501.04 -2041.9
 6 4804.68 -1 105 105 -2659.86 -1808.84 -3501.94 -2048.64
 6 4985.38 -1 105 105 -2586.07 -1791.12 -3503.35 -2054.34
 6 5174.03 -1 105 105 -2506.78 -1770.85 -3504.7 -2060.56
 6 5366.54 -1 105 105 -2426.12 -1746.93 -3506.35 -2065.84
 6 5546.08 -1 105 105 -2348.26 -1715.96 -3507.88 -2071.87
 6 5761.21 -1 105 105 -2254.74 -1697.19 -3509.74 -2078.52
 6 5931.44 -1 105 105 -2175.79 -1672.8 -3511.78 -2084.33
 6 6147.37 -1 105 105 -2078.53 -1640.77 -3514.08 -2092.49
 6 6324.63 -1 105 105 -1995.8 -1605.72 -3516.41 -2099.43
 6 6517.55 -1 105 105 -1898.54 -1578.41 -3518.39 -2106.77
 6 6687.1 -1 105 105 -1808.7 -1544.21 -3520.51 -2114.32
 6 6860.13 -1 105 105 -1710.75 -1513.71 -3522.13 -2121.06
 6 7011.85 -1 105 105 -1618.82 -1474.55 -3523.6 -2127.28
 6 7162 -1 105 105 -1522.16 -1434.32 -3524.43 -2134.17
 6 6845.16 -1 105 105 -1522.16 -1434.32 -3524.65 -2141.5
 6 3575.88 -1 105 105 -1322.02 -1348.04 -3524.92 -2147.34
 6 7445.72 -1 105 105 -1224.16 -1312.14 -3524.53 -2153.71
 6 7471 -1 105 105 -1130.84 -1265.67 -3524.18 -2158.85
 6 7471 -1 105 105 -1024.12 -1224.06 -3523.29 -2163.09
 6 7471 -1 105 105 -929.438 -1179.94 -3522.41 -2166.84
 6 7471 -1 105 105 -822.275 -1123.74 -3521.42 -2170.08
 6 7471 -1 105 105 -822.275 -1123.74 -3519.22 -2174.42
 6 7471 -1 105 105 -533.083 -981.216 -3516.88 -2177.72
 6 7471 -1 105 105 -533.083 -981.216 -3516.53 -2177.24
 6 7471 -1 105 105 -442.454 -935.144 -3514.32 -2179.25
 6 7471 -1 105 105 -346.907 -878.227 -3512.27 -2180.57
 6 7471 -1 105 105 -256.666 -832.499 -3510.3 -2181.61
 6 7471 -1 105 105 -157.229 -777.292 -3508.31 -2182.5
 6 7471 -1 105 105 -74.8249 -727.668 -3506.84 -2182.89
 6 7471 -1 105 105 15.2497 -675.238 -3505.72 -2182.76
 6 7471 -1 105 105 98.5924 -621.738 -3504.91 -2182.49
 6 7471 -1 105 105 181.534 -571.616 -3504.56 -2182.13
 6 7471 -1 105 105 336.871 -468.928 -3504.5 -2181.8
 6 7471 -1 105 105 413.244 -414.9 -3504.53 -2180.97
 6 7471 -1 105 105 484.851 -365.201 -3504.9 -2180.22
 6 7471 -1 105 105 556.466 -314.611 -3505.04 -2179.55
 6 7471 -1 105 105 620.85 -266.121 -3505.38 -2178.79
 6 7471 -1 105 105 684.881 -217.417 -3505.77 -2178.36
 6 7354.24 -1 105 105 733.266 -172.574 -3506.04 -2178.1
 6 6697.21 -1 105 105 733.266 -172.574 -3506.31 -2177.91
 6 2914.31 -1 105 105 733.266 -172.574 -3506.65 -2177.85
 6 1650.31 -1 105 105 733.266 -172.574 -3506.79 -2177.98
 6 4029.07 -1 105 105 733.266 -172.574 -3506.73 -2177.99
 6 3170.2 -1 105 105 733.266 -172.574 -3506.89 -2178.08
 6 3406.18 -1 105 105 -223.28 74.4962 -3506.96 -2178.04
 6 5830.09 -1 105 105 -127.463 118.02 -3507.04 -2178.23
 6 6949.24 -1 105 105 -22.9236 157.013 -3506.98 -2178.54
 6 7017.91 -1 105 105 78.5039 202.24 -3506.72 -2179
 6 6399.3 -1 105 105 174.521 241.008 -3506.83 -2179.4
 6 5430.04 -1 105 105 270.79 282.442 -3506.8 -2180.11
 6 4419.72 -1 105 105 364.62 318.942 -3506.99 -2180.78
 6 3697.8 -1 105 105 460.882 355.894 -3507.22 -2181.5
 6 3544.65 -1 105 105 546.505 391.733 -3506.9 -2182.22
 6 3933.15 -1 105 105 638.915 428.245 -3506.59 -2182.79
 6 4563.12 -1 105 105 721.046 461.046 -3506.41 -2183.05
 6 5237.05 -1 105 105 810.43 491.392 -3506.14 -2183.54
 6 5820.58 -1 105 105 890.023 523.276 -3505.93 -2183.71
 6 6286.04 -1 105 105 972.163 553.424 -3505.83 -2184.15
 6 6610.92 -1 105 105 1049.68 582.292 -3505.57 -2184.25
 6 6798.69 -1 105 105 1124.37 608.552 -3505.24 -2184.69
 6 6898.44 -1 105 105 1203.54 635.619 -3504.86 -2184.99
 6 6881.29 -1 105 105 1271.6 660.209 -3504.62 -2185.23
 6 6798.66 -1 105 105 1342.95 685.366 -3504.39 -2185.44
 6 6513.85 -1 105 105 1376.22 707.801 -3504.06 -2185.86
 6 6076.34 -1 105 105 1401.04 732.774 -3503.95 -2186.05
 6 5565.99 -1 105 105 1427.09 757.056 -3503.9 -2186.21
 6 5039.76 -1 105 105 1453.17 782.08 -3503.91 -2186.33
 6 4541.24 -1 105 105 1480.6 806.556 -3503.68 -2186.59
 6 4094.85 -1 105 105 1508.26 831.099 -3503.51 -2186.94
 6 3716.41 -1 105 105 1536.75 855.823 -3503.23 -2187.09
 6 3407.11 -1 105 105 1565.48 879.679 -3503.1 -2187.23
 6 3166.16 -1 105 105 1594.14 904.74 -3502.97 -2187.48
 6 2989.41 -1 105 105 1624.46 928.893 -3503.04 -2187.46
 6 2866.2 -1 105 105 1654.56 953.582 -3503.06 -2187.57
 6 2784.3 -1 105 105 1684.71 977.752 -3502.83 -2187.76
 6 2732.08 -1 105 105 1715.47 1000.41 -3502.72 -2187.88
 6 2703.82 -1 105 105 1745.92 1023.94 -3502.56 -2187.94
 6 2695.81 -1 105 105 1777.45 1047.09 -3502.39 -2188.1
 6 2701.48 -1 105 105 1809.21 1069.78 -3502.26 -2188.21
 6 2713.96 -1 105 105 1840.23 1092.5 -3502.12 -2188.45
 6 2732.01 -1 105 105 1872.39 1114.37 -3501.86 -2188.54
 6 2747.81 -1 105 105 1903.83 1135.19 -3501.72 -2188.77
 6 2763.9 -1 105 105 1935.79 1156.26 -3501.66 -2188.96
 6 2775.32 -1 105 105 1967.35 1176.28 -3501.69 -2189.21
 6 2781.05 -1 105 105 1998.61 1195.92 -3501.77 -2189.68
 6 2779.37 -1 105 105 2029.76 1214.39 -3501.7 -2190.11
 6 2777.54 -1 105 105 2061.63 1233.68 -3501.66 -2190.49
 6 2764.42 -1 105 105 2091.9 1250.69 -3501.68 -2190.86
 6 2744.5 -1 105 105 2122.37 1267.38 -3501.54 -2191.33
 6 2722.14 -1 105 105 2152.9 1284.37 -3501.5 -2191.67
 6 2694.18 -1 105 105 2183.05 1299.65 -3501.39 -2191.99
 6 2653.32 -1 105 105 2210.77 1314.16 -3501.27 -2192.35
 6 2609.56 -1 105 105 2240.07 1327.5 -3501.29 -2192.57
 6 2563.4 -1 105 105 2268.45 1340.99 -3501.26 -2192.79
 6 2514.38 -1 105 105 2296.17 1353.79 -3501.29 -2193.01
 6 2484.98 -1 105 105 2323.92 1364.77 -3501.21 -2193.05
 6 2426.54 -1 105 105 2349.59 1375.62 -3501.26 -2193.16
 6 2372.83 -1 105 105 2376.8 1386.39 -3501.25 -2193.14
 6 2311.73 -1 105 105 2401.46 1395.13 -3501.49 -2193.19
 6 2246.23 -1 105 105 2425.69 1403.08 -3501.4 -2193.17
 6 2183.08 -1 105 105 2450.16 1411.23 -3501.47 -2193.14
 6 2114.24 -1 105 105 2472.41 1418.13 -3501.19 -2193.25
 6 2043.74 -1 105 105 2494.67 1423.76 -3500.92 -2193.34
 6 2082.49 -1 105 105 2539.11 1439.26 -3500.82 -2193.32
 6 2178.91 -1 105 105 2576.45 1464.81 -3500.68 -2193.35
 6 2304.62 -1 105 105 2612.44 1490.18 -3500.63 -2193.44
 6 2442.07 -1 105 105 2647.8 1515.13 -3500.51 -2193.32
 6 2561.59 -1 105 105 2683.99 1539.63 -3500.32 -2193.32
 6 2696.66 -1 105 105 2720.01 1563.49 -3500.14 -2193.32
 6 2810.68 -1 105 105 2754.28 1586.34 -3499.99 -2193.49
 6 2906.42 -1 105 105 2789.2 1609.36 -3499.97 -2193.55
 6 2981.45 -1 105 105 2824.34 1630.93 -3499.99 -2193.62
 6 3031.18 -1 105 105 2857.99 1652.07 -3500.01 -2193.63
 6 3052.08 -1 105 105 2890.08 1672.04 -3499.96 -2193.66
 6 3057.56 -1 105 105 2923.53 1692.23 -3499.87 -2193.73
 6 3043.15 -1 105 105 2955.52 1710.9 -3499.76 -2193.81
 6 3009.61 -1 105 105 2986.61 1728.24 -3499.85 -2193.86
 6 2964.3 -1 105 105 3017.44 1745.67 -3499.8 -2193.96
 6 2904.92 -1 105 105 3046.89 1761.53 -3499.8 -2194.15
 6 2834.88 -1 105 105 3075.94 1776.02 -3499.86 -2194.39
 6 2761.54 -1 105 105 3104.63 1790.96 -3499.89 -2194.42
 6 2679.3 -1 105 105 3131.52 1803.98 -3500.15 -2194.42
 6 2612.49 -1 105 105 3160.74 1820.59 -3500.39 -2194.48
 6 2596.04 -1 105 105 3195.16 1844.71 -3500.42 -2194.75
 6 2605.81 -1 105 105 3228.31 1866.91 -3500.39 -2194.78
 6 2637.68 -1 105 105 3262.68 1889.13 -3500.36 -2194.9
 6 2672.09 -1 105 105 3295 1909.98 -3499.98 -2195.09
 6 2706.23 -1 105 105 3327.14 1931.11 -3499.95 -2195.25
 6 2731.19 -1 105 105 3358.58 1950.31 -3499.98 -2195.46
 6 2744.23 -1 105 105 3389.59 1968.38 -3499.92 -2195.61
 6 2739.3 -1 105 105 3418.33 1986.22 -3500.01 -2195.69
 6 2716.9 -1 105 105 3446.63 2002.36 -3499.93 -2195.48
 6 2686.45 -1 105 105 3475.63 2018.47 -3500.11 -2195.41
 6 2639.08 -1 105 105 3502.06 2032.99 -3500 -2195.25
 6 2619.84 -1 105 105 3534.34 2054.09 -3499.77 -2195.38
 6 2618.6 -1 105 105 3566.15 2074.98 -3499.87 -2195.51
 6 2629.09 -1 105 105 3598.8 2094.2 -3499.86 -2195.66
 6 2640.94 -1 105 105 3629.64 2113.76 -3499.92 -2195.62
 6 2646.78 -1 105 105 3659.72 2131.84 -3499.75 -2195.71
 6 2640.49 -1 105 105 3688.59 2148.52 -3499.93 -2195.76
 6 2624.88 -1 105 105 3717.38 2164.7 -3500.11 -2195.84
 6 2624.22 -1 105 105 3748.93 2185.3 -3500 -2195.98
 6 2630.31 -1 105 105 3780.26 2204.74 -3500.01 -2195.69
 6 2635.22 -1 105 105 3811.09 2222.62 -3500.29 -2195.45
 6 2633.92 -1 105 105 3840.81 2240.06 -3500.09 -2195.46
 6 2593.55 -1 105 105 3870.29 2258.88 -3499.94 -2195.32
 6 898.206 -1 105 105 3878.96 2267.27 -3499.82 -2195.41
 6 932.299 -1 105 105 3866.47 2266.27 -3499.78 -2195.57
 6 977.164 -1 105 105 3853.43 2264.89 -3499.72 -2195.6
 6 1094.19 -1 105 105 3839.07 2261.82 -3499.8 -2195.62
 6 1094.31 -1 105 105 3824.77 2258.51 -3499.67 -2195.63
 6 1107.59 -1 105 105 3807.52 2254.46 -3499.64 -2195.77
 6 1133.62 -1 105 105 3789.5 2249.24 -3499.37 -2195.75
 6 1175.19 -1 105 105 3770.03 2241.92 -3499.38 -2195.93
 6 1225.85 -1 105 105 3750.43 2234.49 -3499.24 -2195.96
 6 1283.24 -1 105 105 3730.53 2225.46 -3499.38 -2195.88
 6 1346.86 -1 105 105 3709.41 2216.85 -3499.38 -2196.13
 6 1418.16 -1 105 105 3687.15 2206.63 -3499.41 -2196.08
 6 1499.17 -1 105 105 3663.33 2195.11 -3499.24 -2196.14
 6 1585.35 -1 105 105 3639.24 2182.4 -3499.13 -2196.18
 6 1674.15 -1 105 105 3614.53 2168.96 -3499.08 -2196.28
 6 1763.37 -1 105 105 3589.51 2154.2 -3499.02 -2196.45
 6 1774.75 -1 105 105 3578.02 2150.01 -3498.84 -2196.5
 6 1694.56 -1 105 105 3572.81 2152.55 -3499.05 -2196.54
 6 1561.87 -1 105 105 3567.13 2153.31 -3498.99 -2196.56
 6 1408.49 -1 105 105 3560.15 2153.04 -3499.2 -2196.64
 6 1257.93 -1 105 105 3551.95 2151.19 -3499.12 -2196.53
 6 1124.48 -1 105 105 3542.56 2148.47 -3499.02 -2196.43
 6 1009.53 -1 105 105 3533.53 2145.46 -3498.97 -2196.43
 6 921.253 -1 105 105 3523.18 2141.06 -3498.83 -2196.3
 6 864.711 -1 105 105 3510.95 2136.13 -3498.87 -2196.3
 6 830.966 -1 105 105 3499.45 2130.47 -3498.87 -2196.34
 6 811.231 -1 105 105 3488.76 2124.95 -3499.02 -2196.53
 6 792.837 -1 105 105 3479.16 2122.8 -3499.1 -2196.72
 6 778.744 -1 105 105 3469.11 2120.31 -3499.08 -2196.88
 6 776.172 -1 105 105 3457.58 2116.68 -3499.12 -2196.91
 6 778.834 -1 105 105 3447.38 2111.16 -3499.2 -2196.94
 6 791.625 -1 105 105 3435.34 2106.29 -3499.26 -2196.97
 6 807.505 -1 105 105 3424.3 2100.77 -3499.27 -2197.05
 6 814.809 -1 105 105 3414.68 2097.81 -3499.29 -2197.03
 6 824.631 -1 105 105 3403.51 2093.28 -3499.36 -2197.05
 6 830.322 -1 105 105 3392.98 2090.4 -3499.26 -2197.08
 6 832.487 -1 105 105 3383.03 2086.28 -3499.27 -2197.06
 6 827.846 -1 105 105 3373.89 2082.76 -3499.27 -2197.17
 6 822.165 -1 105 105 3364.31 2078.27 -3499.08 -2197.22
 6 819.281 -1 105 105 3353.79 2074.2 -3499.18 -2197.2
 6 813.229 -1 105 105 3344.49 2070.3 -3499.28 -2197.21
 6 810.199 -1 105 105 3334.35 2065.55 -3499.36 -2197.3
 6 800.495 -1 105 105 3325.85 2062.16 -3499.25 -2197.23
 6 789.255 -1 105 105 3316.98 2058.21 -3499.2 -2197.22
 6 782.151 -1 105 105 3307.21 2053.74 -3499.06 -2197.16
 6 772.262 -1 105 105 3298.75 2049.71 -3499.19 -2197.13
 6 769.356 -1 105 105 3288.22 2045.71 -3499.21 -2197.09
 6 763.984 -1 105 105 3279.32 2042.16 -3499.19 -2197.13
 6 799.596 -1 105 105 3261.31 2035.32 -3499.13 -2197.14
 6 815.977 -1 105 105 3253.19 2031.55 -3499.17 -2197.08
 6 741.005 -1 105 105 3244.23 2027.18 -3499.19 -2197.16
 6 751.765 -1 105 105 3235.05 2022.93 -3499.24 -2197.23
 6 694.014 -1 105 105 3226.71 2018.71 -3499.11 -2197.18
 6 682.913 -1 105 105 3218.31 2014.96 -3499.07 -2197.12
 6 724.499 -1 105 105 3209.3 2011.23 -3499.12 -2197.04
 6 662.758 -1 105 105 3201.75 2006.47 -3499.26 -2197.1
 6 640.468 -1 105 105 3193.47 2004.05 -3499.42 -2197.14
 6 666.398 -1 105 105 3185.51 1999.9 -3499.49 -2197.12
 6 681.356 -1 105 105 3177 1996.47 -3499.51 -2197.21
 6 672.359 -1 105 105 3168.93 1992.36 -3499.48 -2197.14
 6 657.35 -1 105 105 3160.49 1989.65 -3499.45 -2197.26
 6 669.469 -1 105 105 3152.16 1986.21 -3499.42 -2197.36
 6 582.098 -1 105 105 3144.9 1983.21 -3499.59 -2197.31
 6 575.546 -1 105 105 3137.94 1979.77 -3499.6 -2197.14
 6 643.172 -1 105 105 3129.96 1976.41 -3499.63 -2197.04
 6 648.987 -1 105 105 3122.2 1972.36 -3499.56 -2197.14
 6 638.947 -1 105 105 3114.21 1969.17 -3499.48 -2197.21
 6 609.127 -1 105 105 3106.77 1965.68 -3499.52 -2197.22
 6 579.436 -1 105 105 3099.83 1962.08 -3499.31 -2197.24
 6 620.098 -1 105 105 3092.16 1958.77 -3499.32 -2197.19
 6 588.1 -1 105 105 3085.03 1955.29 -3499.36 -2197.21
 6 589.11 -1 105 105 3077.71 1951.68 -3499.25 -2197.18
 6 588.041 -1 105 105 3070.76 1948.72 -3499.33 -2197.12
 6 587.892 -1 105 105 3063.47 1945.27 -3499.36 -2197.2
 6 582.615 -1 105 105 3057.22 1942.69 -3499.19 -2197.18
 6 579.961 -1 105 105 3049.45 1940.26 -3499.15 -2197.14
 6 575.618 -1 105 105 3042.82 1937.37 -3499.25 -2197.21
 6 570.368 -1 105 105 3035.92 1935.07 -3499.33 -2197.14
 6 562.945 -1 105 105 3030.07 1931.46 -3499.31 -2197.21
 6 553.885 -1 105 105 3023.84 1929.02 -3499.17 -2197.22
 6 546.272 -1 105 105 3017.86 1924.87 -3499.1 -2197.26
 6 538.399 -1 105 105 3011.57 1922.38 -3499.19 -2197.35
 6 531.783 -1 105 105 3005.36 1919.18 -3499.26 -2197.36
 6 527.921 -1 105 105 2998.56 1916.42 -3499.35 -2197.35
 6 524.127 -1 105 105 2992.63 1912.9 -3499.4 -2197.22
 6 521.941 -1 105 105 2985.9 1910.36 -3499.41 -2197.21
 6 518.018 -1 105 105 2979.95 1907.75 -3499.58 -2197.24
 6 513.191 -1 105 105 2974.12 1904.87 -3499.56 -2197.16
 6 509.859 -1 105 105 2967.75 1902.15 -3499.6 -2197.18
 6 504.113 -1 105 105 2962.13 1899.78 -3499.66 -2197.11
 6 530.953 -1 105 105 2949.27 1894.64 -3499.63 -2197.23
 6 540.358 -1 105 105 2944.33 1893.11 -3499.59 -2197.28
 6 539.138 -1 105 105 2939.29 1890.78 -3499.56 -2197.2
 6 538.323 -1 105 105 2932.21 1888.84 -3500.04 -2197.24
 6 531.949 -1 105 105 2926.4 1887.39 -3499.86 -2197.23
 6 517.77 -1 105 105 2921.58 1886.22 -3499.58 -2197.5
 6 504.559 -1 105 105 2915.92 1883.77 -3499.52 -2197.42
 6 489.912 -1 105 105 2910.88 1881.46 -3499.43 -2197.34
 6 477.353 -1 105 105 2905.48 1878.67 -3499.39 -2197.22
 6 463.862 -1 105 105 2900.51 1876.74 -3499.35 -2197.07
 6 451.348 -1 105 105 2895.09 1875.49 -3499.24 -2197.23
 6 441.754 -1 105 105 2889.79 1872.9 -3499.13 -2197.16
 6 433.954 -1 105 105 2884.32 1871.29 -3499.34 -2197.13
 6 426.342 -1 105 105 2879.46 1869.02 -3499.42 -2197.15
 6 422.09 -1 105 105 2873.66 1867.42 -3499.39 -2197.24
 6 416.421 -1 105 105 2868.91 1865.59 -3499.39 -2197.35
 6 410.026 -1 105 105 2864.48 1862.99 -3499.39 -2197.28
 6 400.407 -1 105 105 2860.17 1862.09 -3499.31 -2197.31
 6 392.978 -1 105 105 2855.04 1860.87 -3499.35 -2197.19
 6 387.022 -1 105 105 2850.19 1859.23 -3499.46 -2197.14
 6 381.576 -1 105 105 2845.7 1857.13 -3499.4 -2197.24
 6 373.269 -1 105 105 2841.64 1856.22 -3499.32 -2197.25
 6 389.943 -1 105 105 2831.85 1853.43 -3499.28 -2197.31
 6 397.95 -1 105 105 2827.38 1852.55 -3499.15 -2197.4
 6 397.792 -1 105 105 2823.69 1850.61 -3499.2 -2197.44
 6 395.908 -1 105 105 2818.68 1849.9 -3499.15 -2197.44
 6 386.7 -1 105 105 2815.33 1848.7 -3499.22 -2197.46
 6 380.946 -1 105 105 2810.07 1847.59 -3499.42 -2197.26
 6 375.359 -1 105 105 2805.39 1846.55 -3499.51 -2197.31
 6 362.463 -1 105 105 2802.39 1846.08 -3499.43 -2197.26
 6 348.062 -1 105 105 2798.8 1845.45 -3499.4 -2197.27
 6 336.687 -1 105 105 2794.74 1843.71 -3499.39 -2197.39
 6 326.502 -1 105 105 2791.09 1841.78 -3499.37 -2197.37
 6 319.418 -1 105 105 2787.03 1839.95 -3499.33 -2197.28
 6 310.125 -1 105 105 2784.02 1838.45 -3499.54 -2197.3
 6 279.611 -1 105 105 2780.7 1836.57 -3499.62 -2197.17
 6 240.167 -1 105 105 2777.8 1835 -3499.46 -2197.27
 6 289.136 -1 105 105 2774.09 1833.67 -3499.48 -2197.21
 6 282.275 -1 105 105 2770.32 1832.88 -3499.35 -2197.28
 6 311.589 -1 105 105 2766.64 1830.75 -3499.48 -2197.35
 6 271.129 -1 105 105 2763.76 1828.43 -3499.56 -2197.33
 6 243.885 -1 105 105 2760.54 1827.53 -3499.42 -2197.32
 6 240.576 -1 105 105 2757.32 1826.79 -3499.29 -2197.28
 6 287.328 -1 105 105 2754.34 1824.25 -3499.34 -2197.37
 6 262.324 -1 105 105 2751.05 1822.82 -3499.31 -2197.35
 6 160.27 -1 105 105 2748.82 1822.68 -3499.24 -2197.46
 6 258.647 -1 105 105 2745.48 1821.51 -3499.2 -2197.41
 6 155.401 -1 105 105 2743.64 1820.38 -3499.21 -2197.39
 6 242.326 -1 105 105 2740.82 1818.62 -3499.26 -2197.29
 6 174.563 -1 105 105 2738.53 1817.85 -3499.42 -2197.39
 6 258.006 -1 105 105 2735.25 1816.54 -3499.61 -2197.42
 6 242.099 -1 105 105 2732.1 1815.49 -3499.46 -2197.41
 6 189.778 -1 105 105 2729.5 1815.18 -3499.32 -2197.35
 6 227.922 -1 105 105 2726.49 1814.33 -3499.45 -2197.22
 6 170.051 -1 105 105 2724.15 1814.03 -3499.4 -2197.2
 6 209.28 -1 105 105 2721.37 1813.27 -3499.36 -2197.33
 6 161.243 -1 105 105 2719.14 1813.46 -3499.4 -2197.32
 6 213.914 -1 105 105 2716.36 1812.49 -3499.39 -2197.3
 6 149.053 -1 105 105 2714.37 1811.89 -3499.37 -2197.37
 6 171.813 -1 105 105 2712.04 1812.37 -3499.37 -2197.31
 6 234.609 -1 105 105 2708.86 1811.88 -3499.41 -2197.35
 6 201.239 -1 105 105 2706.62 1810.24 -3499.53 -2197.37
 6 546.057 -1 105 105 2700.37 1806.34 -3499.5 -2197.44
 6 454.403 -1 105 105 2694.64 1804.1 -3499.38 -2197.37
 6 298.972 -1 105 105 2691.81 1801.17 -3499.34 -2197.25
 6 452.324 -1 105 105 2687.52 1796.8 -3499.56 -2197.35
 6 665.418 -1 105 105 2681.94 1789.78 -3499.5 -2197.34
 6 292.997 -1 105 105 2680.25 1786.16 -3499.52 -2197.32
 6 337.801 -1 105 105 2680.4 1781.57 -3499.37 -2197.39
 6 483.454 -1 105 105 2683.08 1775.61 -3499.42 -2197.45
 6 458.955 -1 105 105 2686.54 1770.45 -3499.46 -2197.4
 6 558.198 -1 105 105 2691.14 1764.48 -3499.5 -2197.32
 6 514.833 -1 105 105 2696.46 1760 -3499.57 -2197.24
 6 579.766 -1 105 105 2703.03 1755.75 -3499.68 -2197.2
 6 619.739 -1 105 105 2710.36 1751.74 -3499.75 -2197.25
 6 584.165 -1 105 105 2717.62 1748.7 -3499.49 -2197.23
 6 567.894 -1 105 105 2725.13 1747.16 -3499.48 -2197.27
 6 604.334 -1 105 105 2733.12 1745.53 -3499.17 -2197.4
 6 544.508 -1 105 105 2740.46 1745.17 -3499.29 -2197.35
 6 673.74 -1 105 105 2749.52 1745.71 -3499.53 -2197.19
 6 723.778 -1 105 105 2759.24 1746.22 -3499.33 -2197.24
 6 643.911 -1 105 105 2767.72 1748.1 -3499.47 -2197.32
 6 578.114 -1 105 105 2775.15 1750.45 -3499.46 -2197.24
 6 660.69 -1 105 105 2783.29 1754.06 -3499.38 -2197.31
 6 623.42 -1 105 105 2790.81 1757.8 -3499.46 -2197.29
 6 693.734 -1 105 105 2799.34 1761.61 -3499.37 -2197.31
 6 690.015 -1 105 105 2807.33 1766.35 -3499.29 -2197.34
 6 497.683 -1 105 105 2813.21 1769.61 -3499.39 -2197.3
 6 727.888 -1 105 105 2821.01 1775.54 -3499.35 -2197.12
 6 559.44 -1 105 105 2827.09 1780.01 -3499.38 -2197.19
 6 632.35 -1 105 105 2834.54 1784.15 -3499.23 -2197.2
 6 640.121 -1 105 105 2841.81 1788.8 -3499.46 -2197.24
 6 612.469 -1 105 105 2849.06 1792.76 -3499.49 -2197.33
 6 626.983 -1 105 105 2856.76 1796.23 -3499.57 -2197.44
 6 617.216 -1 105 105 2863.53 1801.07 -3499.6 -2197.48
 6 754.993 -1 105 105 2871.91 1806.8 -3499.67 -2197.53
 6 789.809 -1 105 105 2881.13 1812.09 -3499.67 -2197.54
 6 776.433 -1 105 105 2890.07 1817.48 -3499.54 -2197.3
 6 676.678 -1 105 105 2897.8 1822.3 -3499.63 -2197.26
 6 783.619 -1 105 105 2906.49 1828.28 -3499.48 -2197.28
 6 721.66 -1 105 105 2914.55 1833.69 -3499.31 -2197.25
 6 794.174 -1 105 105 2923.29 1839.84 -3499.33 -2197.33
 6 847.191 -1 105 105 2932.93 1845.89 -3499.33 -2197.38
 6 740.874 -1 105 105 2941.31 1851.29 -3499.52 -2197.6
 6 687.935 -1 105 105 2949.97 1854.57 -3499.44 -2197.58
 6 2364.67 -1 105 105 2977.5 1870.13 -3499.45 -2197.53
 6 835.685 -1 105 105 2987.5 1875.25 -3499.35 -2197.44
 6 892.835 -1 105 105 2998.28 1880.51 -3499.24 -2197.3
 6 691.312 -1 105 105 3007.15 1883.33 -3499.48 -2197.39
 6 806.332 -1 105 105 3017.13 1887.57 -3499.55 -2197.42
 6 944.109 -1 105 105 3028.76 1892.6 -3499.47 -2197.41
 6 915.821 -1 105 105 3040.22 1897.1 -3499.48 -2197.27
 6 896.394 -1 105 105 3051.37 1901.63 -3499.3 -2197.3
 6 698.939 -1 105 105 3060.71 1902.78 -3499.33 -2197.38
 6 900.096 -1 105 105 3072.22 1906.49 -3499.34 -2197.41
 6 889.344 -1 105 105 3083.5 1910.43 -3499.34 -2197.46
 6 828.955 -1 105 105 3094.54 1911.94 -3499.47 -2197.33
 6 915.688 -1 105 105 3106.23 1915.77 -3499.54 -2197.28
 6 839.362 -1 105 105 3117.29 1918.02 -3499.67 -2197.3
 6 883.405 -1 105 105 3129.09 1919.29 -3499.65 -2197.22
 6 609.669 -1 105 105 3137.29 1918.74 -3499.54 -2197.3
