 0 1034.89 -1 95 95 -3222.43 -1856.86 -3323.76 -1897.84
 0 2719.6 -1 95 95 -3186.07 -1852.29 -3323.95 -1899.52
 0 3156.84 -1 95 95 -3144.1 -1845.76 -3324.64 -1902.21
 0 3155.47 -1 95 95 -3102.65 -1837.92 -3324.8 -1905.59
 0 3156.14 -1 95 95 -3060.34 -1831.28 -3324.91 -1908.87
 0 3178.79 -1 95 95 -3013.91 -1820.62 -3325.27 -1912.16
 0 3211.3 -1 95 95 -2968.28 -1810.61 -3325.38 -1915.45
 0 3256.05 -1 95 95 -2921.07 -1799.97 -3325.41 -1919
 0 3323.78 -1 95 95 -2870.53 -1785.85 -3325.47 -1922.81
 0 3631.65 -1 95 95 -2769.52 -1758.57 -3325.62 -1927.79
 0 3874.97 -1 95 95 -2715.38 -1742.38 -3325.99 -1933.57
 0 4056.22 -1 95 95 -2662.25 -1725.97 -3326.73 -1939.74
 0 4186.22 -1 95 95 -2609.21 -1707.86 -3327.35 -1946.69
 0 4309.48 -1 95 95 -2548.7 -1686.33 -3328.32 -1954.57
 0 4401.12 -1 95 95 -2492.5 -1666.52 -3329.67 -1963.19
 0 4461.84 -1 95 95 -2437.5 -1646.06 -3330.79 -1970.8
 0 4532.02 -1 95 95 -2375.66 -1621.52 -3332.15 -1977.53
 0 4624.4 -1 95 95 -2309.59 -1595.61 -3333.59 -1985.05
 0 4682.85 -1 95 95 -2253.61 -1571.15 -3335.18 -1991.57
 0 4736.63 -1 95 95 -2193.08 -1544.8 -3336.7 -1998.56
 0 4795.55 -1 95 95 -2130.66 -1516.19 -3337.87 -2007.69
 0 4861.83 -1 95 95 -2066.63 -1487.29 -3339.36 -2015.32
 0 4917.48 -1 95 95 -2005.28 -1459.01 -3340.82 -2022.59
 0 4982.77 -1 95 95 -1940.55 -1426.93 -3341.68 -2030.66
 0 5039.28 -1 95 95 -1878.45 -1395.57 -3342.36 -2037.56
 0 5089.41 -1 95 95 -1815.95 -1363.57 -3342.97 -2044.73
 0 5165.3 -1 95 95 -1747.53 -1326.46 -3343.16 -2052.64
 0 5199.92 -1 95 95 -1690.48 -1294.55 -3343.11 -2059.18
 0 5239.48 -1 95 95 -1626.66 -1258.36 -3343.09 -2064.74
 0 5284.31 -1 95 95 -1562.25 -1221.29 -3343.11 -2069.74
 0 5314.17 -1 95 95 -1501.98 -1184.24 -3342.92 -2074.27
 0 5324.31 -1 95 95 -1443.38 -1147.97 -3342.13 -2078.6
 0 5357.02 -1 95 95 -1377.87 -1107.02 -3341.28 -2082.22
 0 5377.48 -1 95 95 -1316.95 -1069.93 -3340.02 -2085.56
 0 5371.77 -1 95 95 -1260.84 -1032.13 -3338.59 -2088.36
 0 5365.38 -1 95 95 -1201.73 -991.961 -3336.87 -2090.43
 0 5336.55 -1 95 95 -1147.33 -953.979 -3335.3 -2091.61
 0 5304.21 -1 95 95 -1092.38 -912.632 -3333.98 -2091.75
 0 5259.77 -1 95 95 -1037.93 -875.526 -3332.47 -2091.42
 0 5216.6 -1 95 95 -984.916 -833.383 -3331.26 -2090.69
 0 5156.58 -1 95 95 -935.389 -794.506 -3330.26 -2089.33
 0 5095.25 -1 95 95 -883.618 -756.243 -3329.71 -2088.07
 0 5031.88 -1 95 95 -834.985 -715.433 -3329.44 -2086.5
 0 4943.87 -1 95 95 -792.503 -676.795 -3329.4 -2085.14
 0 5110.11 -1 95 95 -703.156 -599.654 -3329.64 -2084.05
 0 5161.41 -1 95 95 -662.863 -563.26 -3329.88 -2083.07
 0 5137.09 -1 95 95 -623.018 -524.264 -3330.14 -2082.3
 0 4089.51 -1 95 95 -745.133 -638.304 -3330.22 -2081.66
 0 3135.37 -1 95 95 -745.133 -638.304 -3330.38 -2081.27
 0 3475.39 -1 95 95 -551.633 -451.558 -3330.55 -2081.11
 0 3718.05 -1 95 95 -517.041 -416.851 -3330.73 -2080.87
 0 3874.15 -1 95 95 -484.047 -382.333 -3330.96 -2080.82
 0 3954.77 -1 95 95 -454.495 -346.643 -3331.18 -2080.79
 0 3975.98 -1 95 95 -424.037 -313.072 -3331.3 -2080.85
 0 4124.28 -1 95 95 -371.264 -247.39 -3331.46 -2080.87
 0 4140.32 -1 95 95 -350.002 -218.297 -3331.61 -2080.97
 0 4086.42 -1 95 95 -325.689 -185.534 -3331.77 -2081.17
 0 3767.46 -1 95 95 -377.339 -155.761 -3331.68 -2081.42
 0 3560.13 -1 95 95 -331.226 -127.798 -3331.66 -2081.51
 0 3438.47 -1 95 95 -284.586 -97.2193 -3331.72 -2081.71
 0 3372.01 -1 95 95 -240.07 -67.6468 -3331.72 -2081.85
 0 3220.87 -1 95 95 -222.324 -54.9123 -3331.7 -2082.15
 0 3016.62 -1 95 95 -204.141 -44.1003 -3331.67 -2082.18
 0 2784.13 -1 95 95 -186.633 -34.3861 -3331.53 -2082.31
 0 2553.28 -1 95 95 -168.248 -23.7133 -3331.5 -2082.51
 0 2353.76 -1 95 95 -151.859 -13.2167 -3331.33 -2082.83
 0 2161.96 -1 95 95 -132.41 -2.68584 -3331.07 -2083.23
 0 2001.48 -1 95 95 -113.79 8.36093 -3330.86 -2083.58
 0 1868.1 -1 95 95 -96.1166 19.2293 -3330.72 -2083.98
 0 1762.14 -1 95 95 -78.1484 30.2926 -3330.59 -2084.34
 0 1676.61 -1 95 95 -60.7569 40.5865 -3330.37 -2084.87
 0 1616.2 -1 95 95 -42.2024 51.8957 -3330.39 -2085.34
 0 1188.91 -1 95 95 -127.564 57.8135 -3330.28 -2085.67
 0 934.383 -1 95 95 -113.277 68.3152 -3330.2 -2086.06
 0 806.316 -1 95 95 -98.039 78.7447 -3330.07 -2086.36
 0 759.19 -1 95 95 -81.9844 89.8227 -3329.85 -2086.84
 0 756.71 -1 95 95 -65.3434 100.106 -3329.62 -2087.22
 0 788.508 -1 95 95 -47.4858 110.785 -3329.36 -2087.47
 0 849.203 -1 95 95 -28.9019 121.368 -3328.96 -2087.81
 0 933.82 -1 95 95 -10.0445 132.231 -3328.77 -2088.21
 0 1038.47 -1 95 95 10.6678 143.008 -3328.55 -2088.49
 0 1519.16 -1 95 95 130.401 157.449 -3328.28 -2088.9
 0 1869.91 -1 95 95 146.157 167.839 -3328.21 -2089.34
 0 2086.99 -1 95 95 161.876 178.368 -3328.09 -2089.66
 0 2192.28 -1 95 95 177.506 187.385 -3327.99 -2089.81
 0 2210.11 -1 95 95 192.017 196.818 -3327.91 -2089.94
 0 2165.13 -1 95 95 206.017 206.381 -3327.77 -2089.7
 0 2080.94 -1 95 95 220.282 215.754 -3327.72 -2090.05
 0 1970.12 -1 95 95 233.558 224.423 -3327.73 -2090.33
 0 1847.16 -1 95 95 246.612 233.138 -3327.69 -2090.57
 0 1721.46 -1 95 95 259.413 241.298 -3327.66 -2091.22
 0 1597.85 -1 95 95 271.301 249.452 -3327.46 -2091.33
 0 1488 -1 95 95 283.81 258.809 -3327.51 -2091.48
 0 1443.3 -1 95 95 305.857 274.012 -3327.37 -2091.62
 0 1441.53 -1 95 95 327.337 288.198 -3327.24 -2091.76
 0 1479.92 -1 95 95 351.002 303.591 -3327.16 -2091.77
 0 1535.37 -1 95 95 373.315 317.77 -3326.97 -2091.78
 0 1596.13 -1 95 95 394.378 332.65 -3326.78 -2091.72
 0 1662.02 -1 95 95 417.079 347.174 -3326.51 -2091.75
 0 1720.21 -1 95 95 437.843 361.6 -3326.36 -2091.84
 0 1766.46 -1 95 95 458.603 374.694 -3326.25 -2091.8
 0 1807.57 -1 95 95 479.844 389.405 -3326.29 -2091.97
 0 1831.81 -1 95 95 499.113 402.556 -3326.28 -2091.94
 0 1846.86 -1 95 95 519.022 416.283 -3326.3 -2091.94
 0 1851.1 -1 95 95 538.305 429.432 -3326.18 -2092.02
 0 1841.99 -1 95 95 556.49 441.872 -3326.06 -2092.1
 0 1826.9 -1 95 95 575.114 454.712 -3326.03 -2092.22
 0 1802.32 -1 95 95 592.593 466.682 -3326.01 -2092.3
 0 1785.89 -1 95 95 612.257 480.782 -3326.11 -2092.23
 0 1780.71 -1 95 95 633.436 494.594 -3325.99 -2092.35
 0 1787.82 -1 95 95 655.552 508.786 -3326.04 -2092.61
 0 1800.05 -1 95 95 676.784 523.113 -3325.88 -2092.7
 0 1810.21 -1 95 95 697.462 536.285 -3325.69 -2093.19
 0 1812.77 -1 95 95 716.501 549.602 -3325.56 -2093.31
 0 1796.07 -1 95 95 732.343 561.959 -3325.58 -2093.49
 0 1759.4 -1 95 95 745.992 574.347 -3325.39 -2093.73
 0 1853.25 -1 95 95 793.945 593.935 -3325.35 -2094.02
 0 1916.71 -1 95 95 814.115 608.041 -3325.23 -2094.23
 0 1952.62 -1 95 95 833.956 621.457 -3325.12 -2094.49
 0 1968.97 -1 95 95 854.156 634.91 -3325.23 -2094.76
 0 1978.21 -1 95 95 876.295 648.372 -3325.22 -2094.92
 0 1971.22 -1 95 95 895.922 661.176 -3325.26 -2095.07
 0 1959.79 -1 95 95 916.359 675.362 -3325.07 -2095.15
 0 1942.36 -1 95 95 936.038 689.182 -3325.04 -2095.14
 0 1922.82 -1 95 95 956.443 702.258 -3325.04 -2095.29
 0 1904.3 -1 95 95 976.882 715.837 -3325.07 -2095.48
 0 1884.92 -1 95 95 997.059 728.71 -3325.04 -2095.55
 0 1866.85 -1 95 95 1016.86 742.496 -3325 -2095.51
 0 1854.96 -1 95 95 1037.81 756.278 -3324.88 -2095.46
 0 1840.75 -1 95 95 1057.38 769.153 -3324.81 -2095.39
 0 1828.95 -1 95 95 1077.45 782.579 -3324.92 -2095.37
 0 1821.29 -1 95 95 1097.88 796.215 -3325.04 -2095.33
 0 1810.68 -1 95 95 1116.87 809.461 -3324.85 -2095.45
 0 1803.61 -1 95 95 1136.93 823.12 -3325.01 -2095.33
 0 1798.17 -1 95 95 1156.73 836.674 -3324.98 -2095.32
 0 1793.57 -1 95 95 1176.54 849.967 -3325.04 -2095.31
 0 1789.33 -1 95 95 1196.61 862.694 -3325.05 -2095.33
 0 1783.78 -1 95 95 1215.87 875.885 -3325.05 -2095.39
 0 1775.94 -1 95 95 1234.44 889.393 -3325.23 -2095.46
 0 1774.6 -1 95 95 1254.95 903.122 -3325.26 -2095.48
 0 1766.91 -1 95 95 1273.4 915.483 -3325.13 -2095.61
 0 1766.7 -1 95 95 1293.51 930.012 -3325.09 -2095.68
 0 1765.46 -1 95 95 1312.86 943.148 -3325.11 -2095.75
 0 1758.42 -1 95 95 1331.09 955.857 -3324.98 -2095.6
 0 1752.57 -1 95 95 1350.31 969.015 -3325.01 -2095.63
 0 1749.08 -1 95 95 1369.73 982.38 -3324.84 -2095.61
 0 1743.33 -1 95 95 1387.96 995.815 -3324.91 -2095.57
 0 1737.41 -1 95 95 1407.02 1008.48 -3324.94 -2095.6
 0 1730.01 -1 95 95 1425.25 1021.66 -3324.87 -2095.72
 0 1723.33 -1 95 95 1443.32 1035.57 -3324.63 -2095.64
 0 1719.48 -1 95 95 1462.69 1048.41 -3324.42 -2095.71
 0 1716.11 -1 95 95 1481.28 1061.68 -3324.22 -2095.78
 0 1707.75 -1 95 95 1499.07 1073.91 -3324.22 -2096.02
 0 1700.71 -1 95 95 1517.22 1087.31 -3324.13 -2096.05
 0 1695.96 -1 95 95 1536.37 1099.68 -3324.14 -2096.06
 0 1687.34 -1 95 95 1553.39 1112.8 -3324.12 -2096.19
 0 1780.67 -1 95 95 1589.83 1139.64 -3324.25 -2096.33
 0 1832.5 -1 95 95 1606.98 1152.01 -3324.34 -2096.42
 0 1859.04 -1 95 95 1625.42 1164.94 -3324.43 -2096.51
 0 1861.95 -1 95 95 1642.8 1177.45 -3324.47 -2096.5
 0 1852.43 -1 95 95 1660.78 1190.62 -3324.4 -2096.49
 0 1829.57 -1 95 95 1677.7 1203.15 -3324.52 -2096.64
 0 1802.06 -1 95 95 1695.26 1216 -3324.41 -2096.72
 0 1773.56 -1 95 95 1712.92 1228.93 -3324.39 -2096.85
 0 1743.4 -1 95 95 1730.41 1241.06 -3324.43 -2096.77
 0 1715.09 -1 95 95 1748.71 1252.56 -3324.4 -2096.76
 0 1690.51 -1 95 95 1765.61 1266.31 -3324.57 -2096.79
 0 1661.73 -1 95 95 1781.76 1277.9 -3324.47 -2096.72
 0 1641.38 -1 95 95 1799.38 1291.22 -3324.58 -2096.9
 0 1622.68 -1 95 95 1816.17 1303.61 -3324.48 -2096.88
 0 1607.69 -1 95 95 1833.67 1315.62 -3324.48 -2096.83
 0 1594.8 -1 95 95 1850.61 1327.88 -3324.55 -2096.89
 0 1584.08 -1 95 95 1867.64 1340.03 -3324.59 -2097.02
 0 1573.22 -1 95 95 1884.16 1351.99 -3324.59 -2097.07
 0 1563.96 -1 95 95 1900.85 1364.14 -3324.48 -2097.16
 0 1556.82 -1 95 95 1917.11 1377.06 -3324.35 -2097.16
 0 1546.43 -1 95 95 1933.08 1388.41 -3324.17 -2097.12
 0 1498.29 -1 95 95 1948.84 1400.83 -3324.19 -2097.23
 0 1494.69 -1 95 95 1964.72 1413.03 -3324.23 -2097.23
 0 845.332 -1 95 95 1974.32 1419.11 -3324.15 -2097.13
 0 0 -1 95 95 1973.61 1418.83 -3324.15 -2097.16
 0 0 -1 95 95 1973.85 1419.24 -3324.14 -2097.15
 0 0 -1 95 95 1975.06 1419.94 -3324.1 -2097.06
 0 0 -1 95 95 1976.26 1420.36 -3324.04 -2097.02
 0 0 -1 95 95 1977.11 1420.45 -3324.07 -2097.02
 0 273.254 -1 95 95 1980.8 1421.02 -3323.95 -2096.9
 0 167.043 -1 95 95 1983.1 1421.3 -3323.94 -2096.93
 0 419.885 -1 95 95 1988.18 1418.74 -3323.93 -2096.99
 0 505.74 -1 95 95 1993.93 1415.05 -3323.92 -2096.98
 0 519.008 -1 95 95 2000.66 1413.07 -3323.75 -2097.05
 0 585.926 -1 95 95 2008.33 1411.18 -3323.91 -2097.11
 0 536.991 -1 95 95 2015.53 1410.32 -3323.85 -2097.09
 0 520.151 -1 95 95 2022.55 1409.98 -3323.92 -2097.13
 0 563.808 -1 95 95 2030.14 1410.47 -3324.05 -2097.12
 0 573.963 -1 95 95 2037.83 1411.35 -3324.02 -2097.16
 0 602.114 -1 95 95 2045.85 1412.65 -3324.11 -2097.26
 0 587.755 -1 95 95 2053.5 1414.73 -3324.19 -2097.31
 0 613.748 -1 95 95 2060.79 1418.65 -3324.2 -2097.32
 0 620.503 -1 95 95 2068.73 1421.26 -3324.35 -2097.35
 0 627.358 -1 95 95 2076.23 1425.17 -3324.44 -2097.36
 0 574.839 -1 95 95 2082.97 1429 -3324.54 -2097.43
 0 663.315 -1 95 95 2090.58 1433.7 -3324.66 -2097.49
 0 587.731 -1 95 95 2097.9 1436.74 -3324.65 -2097.52
 0 600.205 -1 95 95 2104.57 1441.31 -3324.55 -2097.48
 0 582.466 -1 95 95 2110.6 1446.35 -3324.58 -2097.56
 0 519.64 -1 95 95 2116.93 1449.4 -3324.41 -2097.47
 0 516.409 -1 95 95 2122.52 1453.57 -3324.37 -2097.61
 0 514.833 -1 95 95 2128.24 1457.52 -3324.58 -2097.63
 0 472.225 -1 95 95 2133.38 1461.31 -3324.68 -2097.68
 0 462.804 -1 95 95 2139.12 1463.83 -3324.53 -2097.72
 0 433.824 -1 95 95 2144.58 1465.98 -3324.47 -2097.58
 0 479.619 -1 95 95 2150.01 1469.53 -3324.37 -2097.64
 0 459.198 -1 95 95 2155.62 1472.2 -3324.35 -2097.7
 0 470.052 -1 95 95 2161.63 1474.3 -3324.33 -2097.72
 0 497.753 -1 95 95 2167.82 1476.93 -3324.38 -2097.69
 0 390.477 -1 95 95 2172.69 1479 -3324.4 -2097.72
 0 475.804 -1 95 95 2178.91 1480.65 -3324.37 -2097.68
 0 505.558 -1 95 95 2185.7 1481.46 -3324.39 -2097.62
 0 443.259 -1 95 95 2191.51 1482.96 -3324.33 -2097.66
 0 452.233 -1 95 95 2197.39 1484.66 -3324.31 -2097.63
 0 494.289 -1 95 95 2204.07 1484.5 -3324.2 -2097.63
 0 499.433 -1 95 95 2210.79 1485.05 -3324.18 -2097.58
 0 410.934 -1 95 95 2216.34 1485.5 -3324.21 -2097.56
 0 410.481 -1 95 95 2221.84 1486.39 -3324.34 -2097.62
 0 470.624 -1 95 95 2228.2 1486.29 -3324.37 -2097.56
 0 468.039 -1 95 95 2234.5 1485.63 -3324.27 -2097.67
 0 452.571 -1 95 95 2240.59 1484.98 -3324.36 -2097.75
 0 360.393 -1 95 95 2245.46 1484.51 -3324.38 -2097.76
 0 372.427 -1 95 95 2250.52 1484.55 -3324.41 -2097.66
 0 389.749 -1 95 95 2255.61 1483.13 -3324.37 -2097.58
 0 376.703 -1 95 95 2260.47 1481.51 -3324.5 -2097.65
 0 414.956 -1 95 95 2266.09 1481.63 -3324.58 -2097.64
 0 326.646 -1 95 95 2270.53 1481.83 -3324.56 -2097.56
 0 370.826 -1 95 95 2275.54 1482.34 -3324.44 -2097.55
 0 409.482 -1 95 95 2281.05 1481.65 -3324.43 -2097.46
 0 378.669 -1 95 95 2286.18 1481.91 -3324.47 -2097.54
 0 384.159 -1 95 95 2291.37 1482.34 -3324.38 -2097.61
 0 383.348 -1 95 95 2296.32 1483.94 -3324.35 -2097.62
 0 365.822 -1 95 95 2300.89 1485.9 -3324.45 -2097.62
 0 431.071 -1 95 95 2306.26 1488.18 -3324.57 -2097.58
 0 399.806 -1 95 95 2311.01 1490.8 -3324.52 -2097.63
 0 506.216 -1 95 95 2316.34 1495.09 -3324.46 -2097.7
 0 556.939 -1 95 95 2322.14 1499.87 -3324.38 -2097.7
 0 618.954 -1 95 95 2328.42 1505.37 -3324.43 -2097.79
 0 661.07 -1 95 95 2335.49 1510.78 -3324.46 -2097.75
 0 732.726 -1 95 95 2342.92 1517.27 -3324.45 -2097.75
 0 850.008 -1 95 95 2350.89 1525.45 -3324.41 -2097.72
 0 853.863 -1 95 95 2359.13 1533.44 -3324.41 -2097.59
 0 862.609 -1 95 95 2368 1540.9 -3324.41 -2097.54
 0 970.455 -1 95 95 2377.46 1549.86 -3324.33 -2097.48
 0 1075.55 -1 95 95 2388.45 1559.22 -3324.29 -2097.38
 0 978.78 -1 95 95 2398.86 1567.24 -3324.27 -2097.45
 0 1094.22 -1 95 95 2410.87 1575.67 -3324.39 -2097.46
 0 1166.31 -1 95 95 2422.96 1585.61 -3324.39 -2097.45
 0 1035.68 -1 95 95 2433.86 1594.23 -3324.43 -2097.53
 0 1200.48 -1 95 95 2446.34 1604.4 -3324.38 -2097.63
 0 1210.93 -1 95 95 2459.71 1613.61 -3324.33 -2097.8
 0 1215.62 -1 95 95 2472.9 1623.18 -3324.37 -2097.7
 0 1137.33 -1 95 95 2485.49 1631.8 -3324.51 -2097.69
 0 1293.56 -1 95 95 2499.68 1641.76 -3324.44 -2097.76
 0 1175.22 -1 95 95 2512.8 1650.49 -3324.42 -2097.76
 0 1222.18 -1 95 95 2526.54 1659.42 -3324.44 -2097.77
 0 1312.93 -1 95 95 2541.21 1669.15 -3324.51 -2097.71
 0 1203.86 -1 95 95 2555.27 1677.07 -3324.53 -2097.68
 0 1255.42 -1 95 95 2569.39 1686.22 -3324.49 -2097.64
 0 1322.13 -1 95 95 2584.78 1695.01 -3324.44 -2097.7
 0 1182.33 -1 95 95 2598.46 1703.03 -3324.44 -2097.78
 0 1269.15 -1 95 95 2613.09 1711.71 -3324.44 -2097.8
 0 1285.63 -1 95 95 2627.96 1720.42 -3324.47 -2097.79
 0 1207.25 -1 95 95 2642.66 1727.2 -3324.38 -2097.68
 0 1203.55 -1 95 95 2657.11 1734.39 -3324.38 -2097.63
 0 1261.58 -1 95 95 2672.38 1741.65 -3324.3 -2097.67
 0 1155.33 -1 95 95 2686.33 1748.39 -3324.28 -2097.68
 0 1203.4 -1 95 95 2700.74 1755.66 -3324.25 -2097.65
 0 1226.97 -1 95 95 2715.53 1762.87 -3324.21 -2097.68
 0 1126.13 -1 95 95 2729.47 1768.68 -3324.18 -2097.65
 0 1076.68 -1 95 95 2742.71 1774.47 -3324.24 -2097.57
 0 1211.9 -1 95 95 2757.5 1781.19 -3324.24 -2097.59
 0 1049.56 -1 95 95 2770.51 1786.58 -3324.26 -2097.65
 0 1112.26 -1 95 95 2784.22 1792.48 -3324.23 -2097.56
 0 1163.97 -1 95 95 2798.66 1798.42 -3324.34 -2097.64
 0 1054.05 -1 95 95 2812.3 1802.14 -3324.4 -2097.63
 0 1015.81 -1 95 95 2825.13 1806.77 -3324.37 -2097.71
 0 1081.6 -1 95 95 2838.86 1811.47 -3324.31 -2097.72
 0 980.27 -1 95 95 2851.54 1814.98 -3324.31 -2097.85
 0 1034.29 -1 95 95 2864.61 1819.67 -3324.34 -2097.83
 0 1032.78 -1 95 95 2877.94 1823.45 -3324.37 -2097.83
 0 952.964 -1 95 95 2890.54 1825.69 -3324.26 -2097.79
 0 928.107 -1 95 95 2902.59 1828.91 -3324.27 -2097.72
 0 985.845 -1 95 95 2915.61 1831.26 -3324.24 -2097.65
 0 875.706 -1 95 95 2927.18 1833.41 -3324.31 -2097.58
 0 933.372 -1 95 95 2939.47 1835.88 -3324.27 -2097.65
 0 965.417 -1 95 95 2952.2 1838.31 -3324.27 -2097.69
 0 877.429 -1 95 95 2963.98 1838.79 -3324.24 -2097.51
 0 982.701 -1 95 95 2976.88 1841.59 -3324.38 -2097.63
 0 883.782 -1 95 95 2988.73 1842.35 -3324.39 -2097.69
 0 887 -1 95 95 3000.5 1844.2 -3324.61 -2097.68
 0 856.706 -1 95 95 3011.8 1846.42 -3324.64 -2097.78
 0 842.425 -1 95 95 3023.03 1847.88 -3324.39 -2097.74
 0 761.413 -1 95 95 3033.22 1848.86 -3324.2 -2097.68
 0 846.635 -1 95 95 3044.36 1851.18 -3324.28 -2097.68
 0 727.901 -1 95 95 3054.1 1852.26 -3324.51 -2097.75
 0 750.685 -1 95 95 3064.13 1853.47 -3324.44 -2097.72
 0 707.515 -1 95 95 3073.56 1854.79 -3324.26 -2097.67
 0 716.99 -1 95 95 3082.93 1857.1 -3324.35 -2097.71
 0 590.656 -1 95 95 3090.88 1857.66 -3324.34 -2097.58
 0 706.152 -1 95 95 3100.35 1858.43 -3324.34 -2097.69
 0 693.512 -1 95 95 3109.48 1860.42 -3324.41 -2097.76
 0 670.321 -1 95 95 3118.47 1861.2 -3324.37 -2097.8
 0 656.1 -1 95 95 3127.31 1861.12 -3324.22 -2097.85
 0 598.261 -1 95 95 3135.31 1862.2 -3324.12 -2097.81
 0 642.156 -1 95 95 3143.85 1863.6 -3324.18 -2097.78
 0 581.801 -1 95 95 3151.62 1864.67 -3324.28 -2097.74
 0 585.526 -1 95 95 3159.48 1865.44 -3324.3 -2097.83
 0 513.113 -1 95 95 3166.41 1865.72 -3324.22 -2097.82
 0 328.211 -1 95 95 3170.85 1865.24 -3324.33 -2097.81
 0 207.932 -1 95 95 3173.7 1864.95 -3324.41 -2097.67
 0 100.163 -1 95 95 3174.79 1864.04 -3324.5 -2097.75
 0 0 -1 95 95 3176.07 1863.86 -3324.57 -2097.79
 0 220.944 -1 95 95 3177.48 1861.17 -3324.44 -2097.82
 0 179.428 -1 95 95 3179.01 1859.22 -3324.42 -2097.83
 0 113.675 -1 95 95 3179.5 1857.69 -3324.36 -2097.91
 0 147.677 -1 95 95 3179.94 1855.68 -3324.29 -2097.88
 0 250.848 -1 95 95 3180.42 1852.27 -3324.22 -2097.83
 0 239.126 -1 95 95 3181.62 1849.22 -3324.32 -2097.74
 0 172.583 -1 95 95 3182.22 1846.91 -3324.4 -2097.74
 0 211.761 -1 95 95 3182.39 1844 -3324.39 -2097.75
 0 241.552 -1 95 95 3183.08 1840.76 -3324.32 -2097.74
 0 218.326 -1 95 95 3183.47 1837.78 -3324.43 -2097.74
 0 114.377 -1 95 95 3183.36 1836.17 -3324.36 -2097.82
 0 0 -1 95 95 3183.79 1835.16 -3324.28 -2097.74
 0 121.703 -1 95 95 3183.53 1833.47 -3324.46 -2097.88
 0 143.807 -1 95 95 3184.09 1835.4 -3324.38 -2097.83
 0 289.87 -1 95 95 3186.8 1838.28 -3324.43 -2097.77
 0 193.164 -1 95 95 3188.59 1840.26 -3324.38 -2097.83
 0 287.478 -1 95 95 3190.91 1843.42 -3324.36 -2097.7
 0 305.268 -1 95 95 3194.06 1846.14 -3324.44 -2097.78
 0 377.277 -1 95 95 3197.92 1849.51 -3324.46 -2097.69
 0 361.261 -1 95 95 3201.92 1852.35 -3324.58 -2097.74
 0 318.439 -1 95 95 3205.76 1854.36 -3324.48 -2097.64
 0 309.427 -1 95 95 3209.81 1855.54 -3324.43 -2097.8
 0 346.918 -1 95 95 3213.98 1857.75 -3324.42 -2097.78
 0 233.124 -1 95 95 3217.05 1858.64 -3324.42 -2097.75
 0 227.176 -1 95 95 3220.11 1858.06 -3324.39 -2097.81
 0 206.987 -1 95 95 3222.94 1858.39 -3324.34 -2097.83
