 6 845.995 -1 95 95 -3229.5 -1850.69 -3322.21 -1903.37
 6 3565.66 -1 95 95 -3181.98 -1844.46 -3322.26 -1905.88
 6 3571.52 -1 95 95 -3133.36 -1836.29 -3322.65 -1909.14
 6 3618.82 -1 95 95 -3076.41 -1825.44 -3323.03 -1912.36
 6 3690.72 -1 95 95 -3019.7 -1814.52 -3322.93 -1915.61
 6 3781.36 -1 95 95 -2961.82 -1802.14 -3322.75 -1918.8
 6 3885.25 -1 95 95 -2902.83 -1788.68 -3322.72 -1922.3
 6 4013.71 -1 95 95 -2839.16 -1773.68 -3322.79 -1925.65
 6 4150.78 -1 95 95 -2775.97 -1757.19 -3322.88 -1929.27
 6 4301.06 -1 95 95 -2709.39 -1740.14 -3323.08 -1933.78
 6 4462.06 -1 95 95 -2640.54 -1722.42 -3323.4 -1938.86
 6 4613.79 -1 95 95 -2573.88 -1702.51 -3323.75 -1944.62
 6 4776.35 -1 95 95 -2501.45 -1681.5 -3324.47 -1951.52
 6 4958.86 -1 95 95 -2424.98 -1656.04 -3325.56 -1957.2
 6 5128.41 -1 95 95 -2351.57 -1633.57 -3326.93 -1963.82
 6 5299.35 -1 95 95 -2274.05 -1608.73 -3328.34 -1969.44
 6 5464.28 -1 95 95 -2196.47 -1581.72 -3330.2 -1974.09
 6 5622.69 -1 95 95 -2118.21 -1551.4 -3332.05 -1981.01
 6 5790.97 -1 95 95 -2033.68 -1523.44 -3334.4 -1987.19
 6 5937.97 -1 95 95 -1954.1 -1493.56 -3336.26 -1993.86
 6 6082.31 -1 95 95 -1871.12 -1459.24 -3338.07 -2002.44
 6 6252.59 -1 95 95 -1782.88 -1415.32 -3339.72 -2009.76
 6 6366.64 -1 95 95 -1702.74 -1392.52 -3341.5 -2016.86
 6 6495.5 -1 95 95 -1613.57 -1354.27 -3342.86 -2025.13
 6 6621.61 -1 95 95 -1526.48 -1314.11 -3344.3 -2030.76
 6 6728.76 -1 95 95 -1440.17 -1278.3 -3345.05 -2036.99
 6 6834.64 -1 95 95 -1352.12 -1235.8 -3345.68 -2042.95
 6 6927.91 -1 95 95 -1265.69 -1193 -3345.91 -2048.38
 6 6993.44 -1 95 95 -1180.73 -1154.89 -3345.84 -2054.22
 6 7073.23 -1 95 95 -1090.23 -1108.33 -3345.36 -2059.23
 6 7133.42 -1 95 95 -1004.44 -1065.22 -3344.7 -2063.71
 6 7165.94 -1 95 95 -921.587 -1021.7 -3343.68 -2067.7
 6 7202.68 -1 95 95 -833.258 -976.52 -3342.41 -2070.82
 6 7211.16 -1 95 95 -753.824 -928.219 -3341.12 -2073.59
 6 7215.21 -1 95 95 -669.301 -882.602 -3339.63 -2075.75
 6 7222.78 -1 95 95 -584.324 -834.456 -3338.03 -2077.71
 6 7209.04 -1 95 95 -504.159 -788.641 -3336.36 -2079.01
 6 7176.52 -1 95 95 -426.263 -741.066 -3334.82 -2079.76
 6 7154.77 -1 95 95 -344.781 -689.874 -3333.48 -2080.37
 6 7076.64 -1 95 95 -276.242 -646.084 -3332.18 -2080.77
 6 7011.92 -1 95 95 -198.002 -597.584 -3331.31 -2080.37
 6 6927.1 -1 95 95 -126.782 -552.028 -3330.41 -2079.83
 6 6856.84 -1 95 95 -54.5144 -497.951 -3329.86 -2079.19
 6 6746.79 -1 95 95 9.82024 -454.72 -3329.88 -2078.16
 6 6622.62 -1 95 95 74.6118 -409.398 -3329.7 -2077.26
 6 6492.22 -1 95 95 136.917 -361.915 -3329.97 -2076.36
 6 6357.02 -1 95 95 198.76 -317.255 -3330.36 -2075.74
 6 6203.94 -1 95 95 253.43 -271.224 -3330.56 -2075.23
 6 6068.42 -1 95 95 313.819 -225.294 -3330.85 -2074.58
 6 5898.69 -1 95 95 362.323 -184.005 -3331.16 -2074.26
 6 5739.91 -1 95 95 415.28 -139.513 -3331.37 -2074.18
 6 5562.96 -1 95 95 460.396 -97.9685 -3331.52 -2074.22
 6 5394.14 -1 95 95 507.635 -55.5263 -3331.69 -2074.28
 6 5212.75 -1 95 95 549.534 -16.7128 -3331.68 -2074.42
 6 5035.26 -1 95 95 589.677 24.7987 -3331.62 -2074.58
 6 4841.81 -1 95 95 625.583 60.8918 -3331.72 -2074.67
 6 4658.74 -1 95 95 661.926 99.8374 -3331.67 -2074.76
 6 4473.9 -1 95 95 694.703 135.941 -3331.81 -2074.93
 6 4267.51 -1 95 95 718.039 171.471 -3331.79 -2075.32
 6 4008.59 -1 95 95 730.104 201.513 -3331.86 -2075.67
 6 3599.18 -1 95 95 730.104 201.513 -3331.77 -2076.02
 6 3110.16 -1 95 95 730.104 201.513 -3331.85 -2076.47
 6 2366.49 -1 95 95 352.092 284.042 -3332.01 -2077.25
 6 2548.62 -1 95 95 429.301 312.753 -3332.24 -2078.1
 6 2684.87 -1 95 95 517.528 349.929 -3331.67 -2078.65
 6 2598.03 -1 95 95 591.378 380.724 -3331.39 -2079.27
 6 2452.81 -1 95 95 676.021 414.13 -3330.9 -2079.88
 6 2390.3 -1 95 95 746.719 438.934 -3330.87 -2080.39
 6 2576.77 -1 95 95 828.912 470.976 -3330.68 -2080.9
 6 2982.39 -1 95 95 897.719 497.801 -3330.28 -2081.28
 6 3418.44 -1 95 95 952.185 522.085 -3330.23 -2081.73
 6 3684.33 -1 95 95 972.934 542.77 -3330.16 -2082.18
 6 3795.62 -1 95 95 994.535 564.723 -3330.2 -2082.56
 6 3784.17 -1 95 95 1016.9 585.354 -3330.5 -2083.15
 6 3828.62 -1 95 95 1063.86 628.166 -3330.16 -2084.06
 6 3774.86 -1 95 95 1088.44 649.671 -3329.9 -2084.45
 6 3653.11 -1 95 95 1112.74 669.745 -3330.04 -2084.98
 6 3507.16 -1 95 95 1139.63 692.031 -3330.03 -2085.59
 6 3347.14 -1 95 95 1165.83 712.702 -3329.96 -2086.1
 6 3188.77 -1 95 95 1192.37 733.566 -3330.12 -2086.45
 6 3044.11 -1 95 95 1219.7 754.56 -3329.79 -2086.68
 6 2916.8 -1 95 95 1247.73 774.417 -3329.8 -2086.68
 6 2809.2 -1 95 95 1275.33 795.082 -3329.89 -2086.57
 6 2724.44 -1 95 95 1303.98 815.538 -3329.92 -2086.62
 6 2663.93 -1 95 95 1334.09 835.491 -3329.94 -2086.65
 6 2617.78 -1 95 95 1362.97 854.925 -3329.8 -2086.6
 6 2584.02 -1 95 95 1392.53 873.38 -3329.59 -2086.73
 6 2564.46 -1 95 95 1422.43 892.804 -3329.28 -2087.17
 6 2552.94 -1 95 95 1452.5 910.838 -3329.01 -2087.43
 6 2697.41 -1 95 95 1512.5 945.675 -3328.82 -2087.74
 6 2789.65 -1 95 95 1543.1 962.588 -3328.91 -2088.09
 6 2836.14 -1 95 95 1572.91 978.645 -3328.71 -2088.55
 6 2851.99 -1 95 95 1603.49 994.811 -3328.73 -2088.62
 6 2841.86 -1 95 95 1633.51 1010.02 -3328.54 -2088.8
 6 2813.85 -1 95 95 1663.83 1024.3 -3328.44 -2089.15
 6 2773.04 -1 95 95 1693.52 1038.55 -3328.55 -2089.43
 6 2723.59 -1 95 95 1723.31 1051.47 -3328.47 -2089.66
 6 2668.19 -1 95 95 1752.11 1064.7 -3328.45 -2089.94
 6 2609.49 -1 95 95 1781.12 1076.25 -3328.46 -2090.24
 6 2557.01 -1 95 95 1810.94 1088.66 -3328.18 -2090.36
 6 2497.01 -1 95 95 1838.07 1098.79 -3327.96 -2090.5
 6 2463.15 -1 95 95 1866.46 1109.14 -3327.75 -2090.68
 6 2407.17 -1 95 95 1893.73 1118.59 -3327.49 -2090.74
 6 2350.93 -1 95 95 1920.3 1127.52 -3327.44 -2090.85
 6 2297.94 -1 95 95 1947.18 1135.72 -3327.22 -2090.98
 6 2254.18 -1 95 95 1973.95 1146.63 -3327.17 -2091.07
 6 2260.18 -1 95 95 2005.77 1170.58 -3326.98 -2091.26
 6 2301.03 -1 95 95 2037.84 1193.85 -3326.91 -2091.58
 6 2363.72 -1 95 95 2069.39 1217.35 -3326.78 -2091.72
 6 2444.82 -1 95 95 2102.15 1241.16 -3326.51 -2091.85
 6 2505.28 -1 95 95 2133.78 1263.6 -3326.4 -2091.85
 6 2587.32 -1 95 95 2166.27 1285.94 -3326.39 -2092.06
 6 2659.38 -1 95 95 2198.13 1307.31 -3326.17 -2092.16
 6 2717.3 -1 95 95 2229.45 1328.33 -3326.06 -2092.31
 6 2766.37 -1 95 95 2262.14 1349.11 -3325.92 -2092.54
 6 2797.3 -1 95 95 2293.02 1368.87 -3325.84 -2092.76
 6 2812.77 -1 95 95 2323.84 1388.27 -3326 -2092.97
 6 2814.39 -1 95 95 2354.63 1406.71 -3325.98 -2093.12
 6 2804.98 -1 95 95 2385.45 1424.49 -3325.9 -2093.44
 6 2779.92 -1 95 95 2414.45 1441.38 -3325.97 -2093.66
 6 2750.51 -1 95 95 2444.85 1458.13 -3325.86 -2093.85
 6 2711.08 -1 95 95 2473.48 1473.85 -3325.75 -2094.19
 6 2668.29 -1 95 95 2503.05 1488.49 -3325.7 -2094.51
 6 2618.43 -1 95 95 2530.61 1503.17 -3325.64 -2094.5
 6 2562.78 -1 95 95 2558.15 1516.09 -3325.63 -2094.54
 6 2518.45 -1 95 95 2586.61 1532.84 -3325.72 -2094.61
 6 2507.65 -1 95 95 2618.11 1555.11 -3325.6 -2094.65
 6 2519.51 -1 95 95 2649.64 1576.95 -3325.67 -2094.8
 6 2539.97 -1 95 95 2680.31 1597.41 -3325.72 -2094.75
 6 2572.53 -1 95 95 2712.77 1618.1 -3325.52 -2094.86
 6 2597.94 -1 95 95 2742.52 1637.33 -3325.39 -2094.85
 6 2617.96 -1 95 95 2772.7 1656.26 -3325.22 -2094.78
 6 2629.07 -1 95 95 2802.21 1674.52 -3325.14 -2094.77
 6 2629.3 -1 95 95 2831.4 1691.51 -3325.11 -2094.78
 6 2619.25 -1 95 95 2859.86 1708.44 -3325.17 -2094.76
 6 2598.41 -1 95 95 2887.64 1724.58 -3324.82 -2094.81
 6 2563.7 -1 95 95 2914.71 1738.49 -3324.9 -2094.71
 6 2521.81 -1 95 95 2941.48 1752.96 -3324.88 -2094.66
 6 2505.2 -1 95 95 2971.84 1773.74 -3324.89 -2094.63
 6 2507.41 -1 95 95 3002.59 1794.16 -3324.96 -2094.75
 6 2519.08 -1 95 95 3033.35 1813.12 -3324.95 -2094.77
 6 2529.49 -1 95 95 3062.45 1831.73 -3325.12 -2094.71
 6 2540.55 -1 95 95 3091.98 1850.57 -3324.99 -2094.78
 6 2542.39 -1 95 95 3120.52 1867.06 -3325.07 -2094.93
 6 2532.1 -1 95 95 3147.94 1882.89 -3324.66 -2094.96
 6 2509.25 -1 95 95 3174.35 1898.23 -3324.34 -2094.97
 6 2495.14 -1 95 95 3203.46 1916.13 -3324.52 -2095.13
 6 2498.53 -1 95 95 3233.76 1934.85 -3324.3 -2095.17
 6 2497.28 -1 95 95 3263.06 1953.12 -3324.43 -2095.16
 6 2499.5 -1 95 95 3292.09 1970.23 -3324.53 -2095.29
 6 2494.56 -1 95 95 3319.6 1987.05 -3324.53 -2095.24
 6 2493.47 -1 95 95 3347.53 2002.97 -3324.56 -2095.26
 6 2495.46 -1 95 95 3376.63 2021.53 -3324.61 -2095.26
 6 2491.68 -1 95 95 3405.33 2039.8 -3324.54 -2095.4
 6 2492.9 -1 95 95 3434.11 2057.27 -3324.54 -2095.46
 6 2494.48 -1 95 95 3461.71 2072.8 -3324.51 -2095.48
 6 2491.86 -1 95 95 3490.92 2090.11 -3324.36 -2095.58
 6 2489.21 -1 95 95 3518.86 2108.01 -3324.34 -2095.63
 6 2490.84 -1 95 95 3546.95 2125.54 -3324.31 -2095.6
 6 2486.28 -1 95 95 3574.95 2142.43 -3324.39 -2095.71
 6 2484.17 -1 95 95 3603.9 2159.25 -3324.66 -2095.53
 6 2479.17 -1 95 95 3631.66 2175.94 -3324.78 -2095.56
 6 2475.53 -1 95 95 3659.74 2193.46 -3324.69 -2095.57
 6 2473.01 -1 95 95 3688.28 2210.21 -3324.23 -2095.56
 6 2464.63 -1 95 95 3715.49 2226.16 -3324.34 -2095.42
 6 2458.72 -1 95 95 3743.69 2243.13 -3324.43 -2095.53
 6 2457.31 -1 95 95 3771.89 2261.18 -3324.41 -2095.55
 6 2448.16 -1 95 95 3798.99 2276.24 -3324.39 -2095.57
 6 2438.62 -1 95 95 3826.53 2292.5 -3324.45 -2095.57
 6 2427.66 -1 95 95 3853.68 2308.65 -3324.22 -2095.62
 6 2294.83 -1 95 95 3879.88 2324.63 -3324.28 -2095.63
 6 521.501 -1 95 95 3886.08 2327.96 -3324.1 -2095.6
 6 0 -1 95 95 3886.97 2327.43 -3324.2 -2095.7
 6 0 -1 95 95 3887.23 2328.03 -3323.97 -2095.86
 6 0 -1 95 95 3887.85 2327.7 -3324.13 -2095.93
 6 110.967 -1 95 95 3888.16 2329.24 -3324.19 -2096
 6 107.979 -1 95 95 3887.11 2328.11 -3324.18 -2095.96
 6 0 -1 95 95 3887.27 2328.09 -3324.24 -2096.02
 6 0 -1 95 95 3887 2327.91 -3324.33 -2096
 6 0 -1 95 95 3886.49 2326.97 -3324.21 -2095.99
 6 0 -1 95 95 3885.89 2327.05 -3324.56 -2096.17
 6 189.656 -1 95 95 3883.71 2325.6 -3324.61 -2096.37
 6 0 -1 95 95 3883.6 2324.59 -3324.53 -2096.72
 6 186.57 -1 95 95 3881.4 2323.25 -3324.54 -2097.01
 6 236.795 -1 95 95 3878.96 2321.11 -3324.35 -2097.11
 6 405.268 -1 95 95 3874.23 2318.32 -3324.44 -2097.13
 6 245.35 -1 95 95 3872.28 2315.58 -3324.52 -2097.46
 6 225.862 -1 95 95 3869.63 2313.96 -3324.4 -2097.63
 6 276.963 -1 95 95 3866.68 2311.59 -3324.59 -2097.74
 6 348.957 -1 95 95 3863.16 2308.41 -3324.59 -2097.87
 6 207.087 -1 95 95 3861.54 2306.07 -3324.7 -2097.76
 6 387.663 -1 95 95 3856.78 2303.83 -3324.58 -2097.9
 6 322.829 -1 95 95 3854.42 2300.12 -3324.4 -2097.92
 6 336.686 -1 95 95 3850.31 2298.1 -3324.13 -2097.93
 6 500.995 -1 95 95 3845.75 2293.09 -3323.97 -2097.93
 6 263.21 -1 95 95 3842.65 2291.25 -3323.82 -2097.74
 6 361.698 -1 95 95 3838.53 2288.58 -3323.95 -2097.73
 6 503.084 -1 95 95 3833.93 2283.57 -3324 -2097.68
 6 409.509 -1 95 95 3829.91 2279.75 -3324.25 -2097.89
 6 397.619 -1 95 95 3825.61 2276.49 -3324.52 -2097.97
 6 562.93 -1 95 95 3819.54 2271.92 -3324.75 -2098.06
 6 430.405 -1 95 95 3814.94 2268.34 -3324.78 -2098.04
 6 526.882 -1 95 95 3808.94 2264.52 -3324.79 -2098.01
 6 542.789 -1 95 95 3803.5 2259.61 -3324.62 -2097.96
 6 474.404 -1 95 95 3798.21 2255.97 -3324.58 -2097.93
 6 728.851 -1 95 95 3791.17 2249.15 -3324.29 -2097.8
 6 577.655 -1 95 95 3784.72 2244.78 -3324.16 -2097.75
 6 633.45 -1 95 95 3777.92 2239.61 -3324.23 -2097.96
 6 679.423 -1 95 95 3770.82 2233.84 -3324.29 -2097.95
 6 615.058 -1 95 95 3764.34 2228.67 -3324.31 -2098.08
 6 772.364 -1 95 95 3756.07 2222.38 -3324.36 -2098.12
 6 780.899 -1 95 95 3747.9 2215.78 -3324.39 -2098.16
 6 608.677 -1 95 95 3741.15 2211.11 -3324.18 -2098.39
 6 843.466 -1 95 95 3732.13 2204.24 -3324.18 -2098.2
 6 683.7 -1 95 95 3725.5 2197.85 -3324.21 -2098.14
 6 753.5 -1 95 95 3717.58 2191.53 -3324.11 -2098.11
 6 876.184 -1 95 95 3708.25 2184.35 -3324.09 -2098.22
 6 789.685 -1 95 95 3699.97 2177.69 -3324.23 -2098.25
 6 701.568 -1 95 95 3692.09 2172.49 -3324.08 -2098.22
 6 889.092 -1 95 95 3682.91 2164.84 -3324.14 -2098.17
 6 703.651 -1 95 95 3676.47 2157.89 -3324.26 -2098.04
 6 829.162 -1 95 95 3667.86 2150.82 -3324.47 -2097.99
 6 887.798 -1 95 95 3658.53 2143.39 -3324.29 -2098.09
 6 767.769 -1 95 95 3650.35 2137.08 -3324.44 -2098.21
 6 736.855 -1 95 95 3642.53 2130.99 -3324.37 -2098.06
 6 816.946 -1 95 95 3633.66 2124.5 -3324.37 -2098.15
 6 762.661 -1 95 95 3625.82 2117.89 -3324.4 -2098.14
 6 719.186 -1 95 95 3618.02 2112.16 -3324.31 -2098.16
 6 776.096 -1 95 95 3610.28 2105.15 -3324.31 -2098.24
 6 815.267 -1 95 95 3601.66 2098.39 -3324.26 -2098.08
 6 646.441 -1 95 95 3594.63 2093.24 -3324.36 -2098.03
 6 631.881 -1 95 95 3587.95 2087.96 -3324.32 -2098.07
 6 732.023 -1 95 95 3580.24 2081.82 -3324.49 -2098.08
 6 678.614 -1 95 95 3573.34 2075.83 -3324.43 -2098.33
 6 616.15 -1 95 95 3566.8 2070.72 -3324.52 -2098.22
 6 1339.16 -1 95 95 3552.75 2059.55 -3324.51 -2098.04
 6 584.019 -1 95 95 3546.19 2055.18 -3324.66 -2097.98
 6 504.917 -1 95 95 3540.71 2051.11 -3324.48 -2098.05
 6 690.197 -1 95 95 3533.36 2045.43 -3324.1 -2098.18
 6 633.062 -1 95 95 3527.6 2039.14 -3324.32 -2098.15
 6 527.62 -1 95 95 3521.98 2034.76 -3324.85 -2098.18
 6 556.368 -1 95 95 3516.07 2030.12 -3324.87 -2098.13
 6 654.168 -1 95 95 3509.43 2024.33 -3324.74 -2098.06
 6 453.181 -1 95 95 3504.85 2020.24 -3324.52 -2097.91
 6 472.779 -1 95 95 3499.26 2017.15 -3324.71 -2098
 6 659.875 -1 95 95 3492.67 2011.18 -3324.73 -2098.01
 6 476.98 -1 95 95 3488.18 2006.55 -3324.33 -2098.25
 6 495.798 -1 95 95 3482.84 2002.5 -3324.14 -2098.32
 6 443.785 -1 95 95 3478.03 1998.89 -3324.22 -2098.36
 6 568.483 -1 95 95 3471.82 1994.4 -3324.21 -2098.24
 6 425.27 -1 95 95 3467.4 1990.71 -3324.37 -2098.05
 6 415.987 -1 95 95 3462.91 1987.3 -3324.47 -2097.82
 6 487.863 -1 95 95 3457.38 1983.7 -3324.57 -2097.83
 6 439.192 -1 95 95 3453.17 1979.49 -3324.23 -2097.93
 6 412.145 -1 95 95 3448.86 1975.94 -3324.07 -2097.99
 6 381.607 -1 95 95 3444.37 1973.36 -3324.11 -2098.04
 6 432.945 -1 95 95 3439.83 1969.66 -3324.15 -2097.95
 6 453.331 -1 95 95 3434.95 1965.93 -3324.45 -2097.81
 6 303.15 -1 95 95 3431.18 1964.24 -3324.52 -2097.91
 6 400.47 -1 95 95 3426.65 1961.25 -3324.46 -2097.85
 6 476.934 -1 95 95 3421.81 1956.98 -3324.51 -2097.95
 6 355.764 -1 95 95 3417.45 1954.89 -3324.3 -2098.05
 6 536.108 -1 95 95 3411.47 1950.82 -3324.35 -2098.09
 6 487.483 -1 95 95 3405.87 1947.33 -3324.43 -2098.14
 6 522.952 -1 95 95 3399.58 1944.12 -3324.37 -2098.25
 6 609.866 -1 95 95 3393 1939.19 -3324.28 -2098.34
 6 576.464 -1 95 95 3386.39 1935.1 -3324.06 -2098.41
 6 713.102 -1 95 95 3378.5 1929.64 -3324.4 -2098.48
 6 588.35 -1 95 95 3371.86 1925.28 -3324.67 -2098.43
 6 636.676 -1 95 95 3364.76 1920.46 -3324.39 -2098.39
 6 652.349 -1 95 95 3357.52 1915.48 -3324.23 -2098.39
 6 1237.77 -1 95 95 3343.87 1906.05 -3324.07 -2098.1
 6 681.671 -1 95 95 3336.05 1901.23 -3324.08 -2098.03
 6 637.378 -1 95 95 3328.69 1896.82 -3324.33 -2097.85
 6 428.645 -1 95 95 3323.84 1893.62 -3324.25 -2098.13
 6 570.934 -1 95 95 3317.74 1888.91 -3324.52 -2097.88
 6 536.605 -1 95 95 3311.61 1885.05 -3324.75 -2098.12
 6 430.79 -1 95 95 3307.32 1881.1 -3324.41 -2098.13
 6 385.679 -1 95 95 3302.83 1878.41 -3324.24 -2098.24
 6 357.071 -1 95 95 3299.32 1875.06 -3324.29 -2097.9
 6 338.245 -1 95 95 3295.58 1872.38 -3324.52 -2097.91
 6 259.539 -1 95 95 3292.58 1870.48 -3324.51 -2098.06
 6 155.732 -1 95 95 3291.41 1868.65 -3324.68 -2098.24
 6 108.236 -1 95 95 3289.88 1868.55 -3324.81 -2098.25
 6 157.347 -1 95 95 3288.37 1866.97 -3324.62 -2098.28
