 0 3074.48 -1 90 90 3020.6 1760.38 -3149.11 -1998.17
 0 3393.72 -1 90 90 2976.05 1750.46 -3149.14 -1998.08
 0 3405.44 -1 90 90 2929.05 1739.26 -3149.21 -1998.21
 0 3434.03 -1 90 90 2880.03 1727.06 -3149.07 -1998.15
 0 3472.74 -1 90 90 2830.99 1714.69 -3148.93 -1998.1
 0 3537.8 -1 90 90 2777.76 1698.5 -3148.94 -1998.11
 0 3617.8 -1 90 90 2724.17 1683.19 -3149.03 -1998.06
 0 3712.31 -1 90 90 2668.53 1667.72 -3148.87 -1998.2
 0 3828.63 -1 90 90 2610.02 1647.44 -3148.89 -1998.19
 0 3951.29 -1 90 90 2551.47 1629.18 -3149.06 -1998.18
 0 4074.98 -1 90 90 2492.33 1609.79 -3149.01 -1998.23
 0 4227.31 -1 90 90 2426.42 1585.01 -3149.09 -1998.15
 0 4370.01 -1 90 90 2364.27 1564.07 -3149.04 -1998.12
 0 4512.91 -1 90 90 2299.41 1540.24 -3148.97 -1998.14
 0 4674.9 -1 90 90 2229.61 1511.59 -3148.93 -1997.99
 0 4816.1 -1 90 90 2164.29 1487.28 -3148.93 -1997.99
 0 4963.61 -1 90 90 2093.51 1458.68 -3148.85 -1997.97
 0 5109.92 -1 90 90 2022.55 1428.59 -3148.85 -1997.99
 0 5246.7 -1 90 90 1951.52 1398.94 -3148.91 -1998.09
 0 5383.04 -1 90 90 1877.84 1367.28 -3148.9 -1998.04
 0 5519.4 -1 90 90 1803.16 1333.07 -3148.96 -1998.14
 0 5635.96 -1 90 90 1730.84 1300.38 -3148.85 -1998.29
 0 5751.64 -1 90 90 1654.57 1265.65 -3148.84 -1998.25
 0 5863.5 -1 90 90 1578.57 1228.29 -3148.9 -1998.26
 0 5954.23 -1 90 90 1504.61 1193.25 -3148.84 -1998.24
 0 6048.41 -1 90 90 1426.39 1154.77 -3148.9 -1998.03
 0 6136.96 -1 90 90 1349.18 1115.49 -3148.82 -1998.03
 0 6201.57 -1 90 90 1275.64 1076.51 -3148.89 -1998
 0 6263.87 -1 90 90 1198.1 1036.56 -3148.92 -1998.05
 0 6321.92 -1 90 90 1121.08 995.092 -3148.88 -1997.95
 0 6354.52 -1 90 90 1048.46 954.646 -3148.84 -1997.9
 0 6387.76 -1 90 90 971.869 912.082 -3148.89 -1997.98
 0 6405.14 -1 90 90 898.554 870.362 -3148.74 -1998.01
 0 6406.31 -1 90 90 827.123 827.277 -3148.69 -1998.03
 0 6405.6 -1 90 90 753.26 784.363 -3148.71 -1998
 0 6382.19 -1 90 90 684.113 743.061 -3148.98 -1998.02
 0 6354.87 -1 90 90 614.15 698.494 -3148.94 -1997.92
 0 6316.81 -1 90 90 545.648 655.924 -3148.95 -1998.04
 0 6264.13 -1 90 90 478.89 614.696 -3148.91 -1998.14
 0 6204.66 -1 90 90 414.35 569.711 -3148.88 -1998.19
 0 6138.72 -1 90 90 349.708 527.382 -3148.89 -1998.1
 0 6046.21 -1 90 90 290.151 488.129 -3148.8 -1998.04
 0 5964.15 -1 90 90 227.907 443.233 -3148.77 -1998.12
 0 5864.86 -1 90 90 170.268 403.591 -3148.79 -1998.1
 0 5752.53 -1 90 90 114.636 363.847 -3148.71 -1997.99
 0 5652.8 -1 90 90 57.0697 320.896 -3148.81 -1997.98
 0 5527.43 -1 90 90 6.98856 283.273 -3148.83 -1998.02
 0 5397.92 -1 90 90 -44.4442 245.226 -3148.83 -1998.07
 0 5272.05 -1 90 90 -93.8029 204.695 -3148.94 -1998.31
 0 5132.38 -1 90 90 -139.609 168.569 -3148.91 -1998.16
 0 4988.95 -1 90 90 -184.995 132.86 -3148.86 -1998.17
 0 4848.4 -1 90 90 -227.946 95.0357 -3148.88 -1997.93
 0 4925.45 -1 90 90 -307.634 27.3744 -3148.92 -1997.91
 0 4911.78 -1 90 90 -345.011 -7.31351 -3149.02 -1997.99
 0 4815.85 -1 90 90 -378.543 -38.9633 -3149.14 -1998.08
 0 4670.73 -1 90 90 -412.471 -70.5422 -3149.01 -1997.99
 0 4191.83 -1 90 90 -355.2 -97.7325 -3149.01 -1997.92
 0 3860.11 -1 90 90 -405.908 -121.075 -3148.95 -1997.89
 0 3701.08 -1 90 90 -467.831 -154 -3148.97 -1998.01
 0 3639.01 -1 90 90 -522.414 -184.925 -3148.93 -1998.02
 0 3595.97 -1 90 90 -569.981 -205.293 -3149.01 -1997.95
 0 3483.63 -1 90 90 -597.009 -217.929 -3149.08 -1998.02
 0 3241.99 -1 90 90 -599.692 -227.949 -3148.92 -1998.02
 0 2972.62 -1 90 90 -615.233 -239.702 -3148.98 -1998.05
 0 2699.4 -1 90 90 -629.92 -252.404 -3148.93 -1998.13
 0 2463.6 -1 90 90 -645.738 -264.485 -3148.89 -1998.06
 0 2238.84 -1 90 90 -663.275 -277.259 -3148.93 -1998.18
 0 2056.72 -1 90 90 -682.371 -290.595 -3148.84 -1998.08
 0 1911.09 -1 90 90 -701.682 -302.375 -3148.99 -1998.18
 0 1805.01 -1 90 90 -722.456 -314.469 -3148.98 -1998.19
 0 1741.63 -1 90 90 -745.204 -327.466 -3149 -1998.17
 0 1706.3 -1 90 90 -767.109 -339.7 -3148.98 -1998.15
 0 1697.58 -1 90 90 -789.974 -352.702 -3149.03 -1998.04
 0 1712.56 -1 90 90 -814.593 -365.032 -3149.08 -1998.11
 0 1747.93 -1 90 90 -840.539 -377.31 -3148.94 -1998.1
 0 1796.49 -1 90 90 -866.945 -389.301 -3149.04 -1998.07
 0 1859.79 -1 90 90 -894.606 -403.035 -3149.09 -1998
 0 1923.1 -1 90 90 -921.829 -414.486 -3148.94 -1998.06
 0 1993.54 -1 90 90 -951.038 -427.419 -3148.8 -1998.01
 0 2064.23 -1 90 90 -980.696 -439.131 -3148.73 -1998.08
 0 2134.03 -1 90 90 -1010.98 -451.088 -3148.88 -1998.04
 0 2201.46 -1 90 90 -1042.14 -462.315 -3148.92 -1998.15
 0 2266.93 -1 90 90 -1073.79 -474.395 -3148.97 -1998.24
 0 2324.08 -1 90 90 -1105.4 -484.666 -3148.94 -1998.15
 0 2384.32 -1 90 90 -1139.08 -497.106 -3148.9 -1997.9
 0 2432.79 -1 90 90 -1171.23 -506.957 -3148.85 -1997.88
 0 2479.45 -1 90 90 -1205.49 -516.938 -3148.95 -1997.96
 0 2496.72 -1 90 90 -1238.44 -528.278 -3149.02 -1997.88
 0 2534.28 -1 90 90 -1273.47 -537.391 -3149.04 -1998.05
 0 2566.62 -1 90 90 -1307.62 -547.731 -3149.04 -1998.09
 0 2590.39 -1 90 90 -1341.57 -556.414 -3149.14 -1998.1
 0 2607.63 -1 90 90 -1375.32 -566.154 -3149.12 -1998.12
 0 2620.52 -1 90 90 -1409.88 -574.101 -3149.04 -1998.33
 0 2626.86 -1 90 90 -1443.53 -582.749 -3149 -1998.27
 0 2618.08 -1 90 90 -1474.14 -593.552 -3148.84 -1998.25
 0 2590.16 -1 90 90 -1500.87 -610.076 -3148.91 -1998.08
 0 2545.52 -1 90 90 -1526.57 -625.076 -3148.97 -1998.13
 0 2502.22 -1 90 90 -1554.18 -640.836 -3149.03 -1998.03
 0 2484.33 -1 90 90 -1581.71 -656.01 -3149 -1998.01
 0 2457.6 -1 90 90 -1611.15 -671.433 -3149.11 -1998.1
 0 2433.92 -1 90 90 -1639.12 -685.808 -3149.02 -1998
 0 2414.85 -1 90 90 -1667.43 -700.117 -3149 -1998.14
 0 2405.48 -1 90 90 -1697.21 -714.324 -3149.02 -1998.25
 0 2405.64 -1 90 90 -1727.31 -729.234 -3148.98 -1998.11
 0 2413.21 -1 90 90 -1758.24 -743.042 -3149.02 -1998.12
 0 2430.99 -1 90 90 -1790.85 -756.386 -3148.91 -1998.14
 0 2441.47 -1 90 90 -1819.97 -769.987 -3149.07 -1998.09
 0 2451.11 -1 90 90 -1851 -782.14 -3149.08 -1998.25
 0 2458.34 -1 90 90 -1881.65 -794.314 -3148.91 -1998.21
 0 2470.78 -1 90 90 -1913.88 -806.955 -3148.99 -1998.2
 0 2482.17 -1 90 90 -1945.28 -819.226 -3149 -1998.11
 0 2491.94 -1 90 90 -1977.32 -829.835 -3148.95 -1998.11
 0 2608.06 -1 90 90 -2034.79 -856.533 -3149 -1998.15
 0 2686.56 -1 90 90 -2062.45 -872.134 -3149.15 -1998.14
 0 2333.07 -1 90 90 -2007.95 -842.303 -3149.12 -1998.2
 0 2341.69 -1 90 90 -2089.07 -885.72 -3149.03 -1998.16
 0 2353.29 -1 90 90 -2118.43 -899.937 -3148.94 -1998.17
 0 2356.99 -1 90 90 -2145.78 -913.454 -3148.84 -1998.13
 0 2363.43 -1 90 90 -2175.1 -927.223 -3148.9 -1998.05
 0 2362.21 -1 90 90 -2202.44 -940.307 -3148.91 -1998.15
 0 2360.57 -1 90 90 -2231.69 -951.875 -3148.86 -1998.08
 0 2355.38 -1 90 90 -2259.91 -963.844 -3148.93 -1997.99
 0 2350.67 -1 90 90 -2288.87 -975.594 -3148.99 -1998.15
 0 2481.15 -1 90 90 -2345.29 -1001.24 -3149.07 -1998.08
 0 2535.06 -1 90 90 -2372.37 -1014.73 -3149.04 -1998.21
 0 2571.73 -1 90 90 -2399.97 -1028.25 -3149.01 -1998.11
 0 2584.21 -1 90 90 -2428.24 -1042.94 -3149.07 -1998.12
 0 2568 -1 90 90 -2454.82 -1055.02 -3149.03 -1998.13
 0 2537.91 -1 90 90 -2482.45 -1067.39 -3149.01 -1998.08
 0 2502.1 -1 90 90 -2510.74 -1079.43 -3149.02 -1998.25
 0 2481.21 -1 90 90 -2537.83 -1091.11 -3149.02 -1998.17
 0 2433.45 -1 90 90 -2564.5 -1102.42 -3148.99 -1998.07
 0 2393.47 -1 90 90 -2592.03 -1116.37 -3148.92 -1998.19
 0 2354.03 -1 90 90 -2618.08 -1129.66 -3148.83 -1998.17
 0 2319.66 -1 90 90 -2644.73 -1142.94 -3148.82 -1998.2
 0 2290.79 -1 90 90 -2671.51 -1155.94 -3148.95 -1998.22
 0 2269.06 -1 90 90 -2698.77 -1168.86 -3149 -1998.1
 0 2250.85 -1 90 90 -2725.15 -1182.22 -3148.96 -1998.22
 0 2238 -1 90 90 -2752.07 -1195.47 -3148.94 -1998.12
 0 2230.76 -1 90 90 -2779.08 -1209.14 -3148.93 -1998.13
 0 2215.9 -1 90 90 -2804.17 -1220.58 -3148.93 -1998.16
 0 2200.75 -1 90 90 -2829.47 -1233.71 -3148.89 -1998.16
 0 2195.11 -1 90 90 -2857.22 -1246.39 -3149.06 -1998.18
 0 2193.36 -1 90 90 -2883.65 -1260.26 -3149.09 -1998.1
 0 2189.67 -1 90 90 -2909.41 -1273.06 -3149.06 -1998.19
 0 2183.88 -1 90 90 -2935.47 -1284.73 -3149.06 -1998.25
 0 2175.65 -1 90 90 -2960.79 -1297.22 -3149.08 -1998.11
 0 2166.29 -1 90 90 -2986.21 -1309.53 -3149.15 -1998.03
 0 2157.57 -1 90 90 -3011.56 -1322.43 -3149.09 -1997.99
 0 2152.77 -1 90 90 -3037.49 -1335.68 -3149.01 -1997.99
 0 2149.99 -1 90 90 -3063.3 -1348.71 -3148.89 -1998.01
 0 2141.42 -1 90 90 -3088.17 -1359.84 -3148.97 -1997.93
 0 2135.43 -1 90 90 -3113.31 -1373.56 -3149.06 -1997.88
 0 2128.34 -1 90 90 -3138.47 -1385.55 -3149.09 -1998.05
 0 2123.78 -1 90 90 -3163.94 -1398.42 -3149.13 -1998.05
 0 2120.23 -1 90 90 -3189.03 -1411.53 -3149.06 -1998.09
 0 2112.78 -1 90 90 -3213.5 -1423.43 -3149.04 -1998.25
 0 2108.01 -1 90 90 -3238.73 -1436.32 -3148.97 -1998.25
 0 2098.11 -1 90 90 -3262.62 -1448.2 -3148.91 -1998.23
 0 2093.53 -1 90 90 -3288.23 -1460.83 -3148.97 -1998.13
 0 2089.05 -1 90 90 -3312.95 -1473.32 -3149.08 -1998.15
 0 2081.89 -1 90 90 -3336.96 -1485.69 -3149.12 -1998.27
 0 2078.22 -1 90 90 -3362.04 -1498.43 -3149.17 -1998.23
 0 2073.19 -1 90 90 -3386.69 -1510 -3149.09 -1998.12
 0 2066.27 -1 90 90 -3410.63 -1522.35 -3149.05 -1998.22
 0 2057.35 -1 90 90 -3434.85 -1533.56 -3148.99 -1998.29
 0 2051.29 -1 90 90 -3459.09 -1546.65 -3148.89 -1998.16
 0 2044.79 -1 90 90 -3483.26 -1558.46 -3149.06 -1998.11
 0 2037.93 -1 90 90 -3507.1 -1570.7 -3149.08 -1997.95
 0 2032.97 -1 90 90 -3531.59 -1582.53 -3149.02 -1997.98
 0 2024.93 -1 90 90 -3555.12 -1593.91 -3149.04 -1998.04
 0 2018.77 -1 90 90 -3578.79 -1606.8 -3149.07 -1998.14
 0 2002.89 -1 90 90 -3601 -1616.79 -3149.09 -1998.11
 0 1996.98 -1 90 90 -3625.64 -1629.94 -3149.12 -1998.14
 0 1991.27 -1 90 90 -3649.16 -1641.8 -3149.03 -1998.12
 0 1978.17 -1 90 90 -3671.1 -1652.78 -3148.91 -1998.01
 0 1971.51 -1 90 90 -3694.4 -1666.49 -3148.97 -1998.1
 0 1965.84 -1 90 90 -3718.31 -1677.09 -3149.03 -1998.07
 0 1957.3 -1 90 90 -3740.64 -1688.85 -3149.03 -1998.13
 0 1950.96 -1 90 90 -3763.9 -1700.61 -3149.06 -1998.07
 0 1946.69 -1 90 90 -3787.06 -1712.69 -3149.15 -1997.95
 0 1942.43 -1 90 90 -3809.86 -1724.64 -3149.13 -1997.85
 0 1935.64 -1 90 90 -3832.17 -1736.15 -3149 -1997.93
 0 1929.74 -1 90 90 -3855.04 -1747.66 -3149.03 -1998.06
 0 1921.67 -1 90 90 -3877.26 -1758.89 -3148.97 -1998.07
 0 1913.79 -1 90 90 -3899.62 -1770.46 -3148.88 -1998.01
 0 1907.83 -1 90 90 -3922.05 -1782.53 -3148.94 -1997.93
 0 1896.34 -1 90 90 -3943.14 -1793.63 -3148.99 -1997.86
 0 1893.18 -1 90 90 -3966.69 -1805.65 -3149.13 -1998.06
 0 1886.03 -1 90 90 -3988.37 -1816.4 -3149.06 -1998.01
 0 1884.11 -1 90 90 -4011.14 -1828.79 -3149.14 -1998.01
 0 1884.22 -1 90 90 -4033.42 -1841.28 -3149.14 -1998.14
 0 1984.82 -1 90 90 -4076.06 -1863.7 -3149.16 -1998.17
 0 2044.47 -1 90 90 -4097.71 -1875.23 -3149.18 -1998.13
 0 2073.26 -1 90 90 -4119.9 -1885.97 -3148.95 -1998.18
 0 2183.64 -1 90 90 -4162.36 -1909.37 -3148.94 -1998.11
 0 2028.16 -1 90 90 -4141.6 -1898.37 -3148.98 -1998.06
 0 2013.88 -1 90 90 -4184.06 -1920.92 -3149.02 -1998.02
 0 1988.46 -1 90 90 -4204.36 -1932.48 -3148.91 -1998.05
 0 2067.97 -1 90 90 -4247.77 -1954.63 -3148.83 -1998.11
 0 2102.24 -1 90 90 -4268.41 -1965.04 -3148.97 -1998.15
 0 2109.05 -1 90 90 -4289.66 -1976.94 -3148.89 -1998.17
 0 2097.27 -1 90 90 -4311.11 -1988.7 -3148.87 -1998.17
 0 2064.84 -1 90 90 -4331.26 -1998.68 -3148.94 -1998.15
 0 2026.56 -1 90 90 -4352.49 -2009.72 -3148.97 -1998.13
 0 1986.83 -1 90 90 -4373.21 -2021.87 -3149.1 -1998.19
 0 1939.79 -1 90 90 -4392.9 -2031.73 -3149.07 -1998.21
 0 1901.53 -1 90 90 -4414.45 -2043.45 -3149 -1998.24
 0 1865.92 -1 90 90 -4435.29 -2053.83 -3149.03 -1998.19
 0 1832.71 -1 90 90 -4455.6 -2064.46 -3149.1 -1998.2
 0 1805.21 -1 90 90 -4476.02 -2075.93 -3149.11 -1998.09
 0 1780.16 -1 90 90 -4496.05 -2086.65 -3149.03 -1998.01
 0 1757.2 -1 90 90 -4516.18 -2096.67 -3149.07 -1998.1
 0 1740.36 -1 90 90 -4536.62 -2107.75 -3149.02 -1998.21
 0 1728.46 -1 90 90 -4557.27 -2118.32 -3149.15 -1998.14
 0 1716.29 -1 90 90 -4576.91 -2128.69 -3149.16 -1998.16
 0 1704.9 -1 90 90 -4596.53 -2139.23 -3148.99 -1998.22
 0 1696.88 -1 90 90 -4616.62 -2149.94 -3148.98 -1998.22
 0 1691.9 -1 90 90 -4636.76 -2160.68 -3148.82 -1998.24
 0 1683.88 -1 90 90 -4655.82 -2170.83 -3148.78 -1998.24
 0 1680.85 -1 90 90 -4676.36 -2181.4 -3148.77 -1998.29
 0 1677.35 -1 90 90 -4695.75 -2192.15 -3148.86 -1998.27
 0 1669.41 -1 90 90 -4714.68 -2201.68 -3148.96 -1998.22
 0 1750.86 -1 90 90 -4750.81 -2223.61 -3148.92 -1998.25
 0 1706.14 -1 90 90 -4746.37 -2232.65 -3149.05 -1998.24
 0 1490.13 -1 90 90 -4734.97 -2213 -3148.99 -1998.28
 0 1321.76 -1 90 90 -4736.25 -2240.12 -3148.87 -1998.34
 0 1112.15 -1 90 90 -4724.43 -2247.14 -3149.03 -1998.2
 0 899.876 -1 90 90 -4712.66 -2253.28 -3148.98 -1998.17
 0 713.439 -1 90 90 -4698.66 -2257.86 -3148.91 -1998.07
 0 598.543 -1 90 90 -4683.73 -2262 -3149.03 -1998.1
 0 584.467 -1 90 90 -4668.58 -2264.53 -3148.91 -1998.14
 0 657.693 -1 90 90 -4652.43 -2266.43 -3148.96 -1998.31
 0 765.282 -1 90 90 -4639.45 -2269.77 -3149 -1998.2
 0 888.236 -1 90 90 -4626.48 -2282.54 -3148.91 -1998.07
 0 963.005 -1 90 90 -4619.28 -2288.25 -3148.84 -1998.21
 0 1045.57 -1 90 90 -4600.31 -2294.56 -3148.93 -1998.25
 0 995.731 -1 90 90 -4610.26 -2291.49 -3148.87 -1998.32
 0 992.765 -1 90 90 -4590.84 -2297.8 -3148.91 -1998.36
 0 970.065 -1 90 90 -4583.93 -2303.67 -3148.89 -1998.32
 0 940.498 -1 90 90 -4575.33 -2308.62 -3148.94 -1998.33
 0 952.758 -1 90 90 -4556.81 -2316.26 -3148.95 -1998.29
 0 942.64 -1 90 90 -4549.6 -2321.24 -3148.85 -1998.37
 0 919.452 -1 90 90 -4541.49 -2324.96 -3148.93 -1998.33
 0 893.322 -1 90 90 -4532.63 -2329.59 -3149 -1998.25
 0 864.638 -1 90 90 -4524.28 -2334.19 -3148.99 -1998.31
 0 833.636 -1 90 90 -4516.35 -2338.43 -3148.97 -1998.2
 0 807.395 -1 90 90 -4507.62 -2343.39 -3149 -1998.23
 0 780.847 -1 90 90 -4499.65 -2347.26 -3148.98 -1998.14
 0 758.561 -1 90 90 -4491.18 -2351.63 -3148.97 -1998.21
 0 737.468 -1 90 90 -4483.44 -2355.93 -3148.96 -1998.17
 0 758.894 -1 90 90 -4467.24 -2364 -3148.89 -1998.12
 0 772.745 -1 90 90 -4458.27 -2368.52 -3148.98 -1998.07
 0 652.603 -1 90 90 -4475.25 -2359.53 -3149.03 -1997.95
 0 656.1 -1 90 90 -4450.51 -2373.26 -3149 -1998.08
 0 656.738 -1 90 90 -4442.77 -2376.7 -3148.92 -1998.16
 0 658.7 -1 90 90 -4434.46 -2380.64 -3148.89 -1998.06
 0 657.368 -1 90 90 -4427.22 -2384.62 -3148.91 -1998.13
 0 656.443 -1 90 90 -4419.25 -2388.48 -3148.98 -1998.09
 0 691.831 -1 90 90 -4403.95 -2396.08 -3148.91 -1998.11
 0 713.589 -1 90 90 -4396.15 -2400.09 -3148.93 -1998.19
 0 722.975 -1 90 90 -4388.47 -2403.44 -3148.91 -1998.29
 0 573.474 -1 90 90 -4411.65 -2391.91 -3148.87 -1998.26
 0 589.146 -1 90 90 -4380.41 -2406.78 -3148.88 -1998.31
 0 598.577 -1 90 90 -4373.56 -2410.19 -3148.89 -1998.23
 0 606.068 -1 90 90 -4366.39 -2414.47 -3149.07 -1998.21
 0 609.982 -1 90 90 -4358.98 -2417.29 -3148.99 -1998.27
 0 616.144 -1 90 90 -4350.71 -2420.9 -3149.03 -1998.28
 0 615.814 -1 90 90 -4344.3 -2424.36 -3149.04 -1998.31
 0 618.462 -1 90 90 -4336.35 -2428.49 -3149.21 -1998.35
 0 618.922 -1 90 90 -4328.48 -2430.64 -3149.17 -1998.27
 0 614.553 -1 90 90 -4322.28 -2434.54 -3149.07 -1998.33
 0 609.758 -1 90 90 -4314.9 -2437.34 -3149.03 -1998.33
 0 601.373 -1 90 90 -4308.85 -2441.04 -3149.04 -1998.19
 0 629.572 -1 90 90 -4294.53 -2447.86 -3149.1 -1998.21
 0 643.423 -1 90 90 -4287.69 -2450.37 -3149.09 -1998.23
 0 650.181 -1 90 90 -4280.85 -2454.77 -3149 -1998.2
 0 648.121 -1 90 90 -4273.86 -2456.91 -3148.99 -1998.15
 0 640.175 -1 90 90 -4267.6 -2460.6 -3148.92 -1998.24
 0 630.234 -1 90 90 -4260.71 -2463.78 -3148.96 -1998.27
 0 615.059 -1 90 90 -4254.82 -2466.72 -3148.93 -1998.2
 0 601.587 -1 90 90 -4247.77 -2469.53 -3148.9 -1998.22
 0 585.576 -1 90 90 -4242.08 -2472.81 -3149.08 -1998.27
 0 570.935 -1 90 90 -4236.05 -2476.54 -3149.06 -1998.33
 0 558.406 -1 90 90 -4229.52 -2479.37 -3149.02 -1998.2
 0 545.14 -1 90 90 -4223.54 -2481.84 -3149.04 -1998.28
 0 535.924 -1 90 90 -4216.97 -2485.08 -3149.05 -1998.25
 0 529.513 -1 90 90 -4210.2 -2487.62 -3149.08 -1998.19
 0 522.297 -1 90 90 -4204.31 -2490.38 -3148.98 -1998.16
 0 515.995 -1 90 90 -4198.22 -2493.25 -3148.94 -1998.02
 0 511.269 -1 90 90 -4192.1 -2496.38 -3148.87 -1998.13
 0 505.516 -1 90 90 -4186.41 -2499.15 -3148.81 -1998.17
 0 499.058 -1 90 90 -4180.88 -2502.09 -3148.88 -1998.25
 0 492.84 -1 90 90 -4174.97 -2504.4 -3148.93 -1998.21
 0 487.991 -1 90 90 -4169.17 -2507.39 -3148.97 -1998.18
 0 484.074 -1 90 90 -4163.44 -2510.38 -3149.07 -1998.17
 0 481.198 -1 90 90 -4157.1 -2512.15 -3149.11 -1998.11
 0 478.594 -1 90 90 -4151.54 -2515.29 -3149.17 -1998.27
 0 502.133 -1 90 90 -4140.78 -2521.2 -3149.18 -1998.22
 0 460.243 -1 90 90 -4146.22 -2517.61 -3149.05 -1998.36
 0 463.396 -1 90 90 -4134.07 -2523.42 -3149.02 -1998.32
 0 461.426 -1 90 90 -4129.04 -2525.24 -3149.03 -1998.37
 0 455.851 -1 90 90 -4124.23 -2527.42 -3149.05 -1998.39
 0 451.099 -1 90 90 -4118.83 -2529.91 -3149.18 -1998.32
 0 472.234 -1 90 90 -4108.21 -2534.76 -3149.07 -1998.26
 0 486.146 -1 90 90 -4102.31 -2536.94 -3149.01 -1998.3
 0 491.299 -1 90 90 -4097.33 -2539.46 -3149.04 -1998.29
 0 492.352 -1 90 90 -4091.66 -2541.68 -3149.07 -1998.38
 0 487.344 -1 90 90 -4086.7 -2543.69 -3149.09 -1998.25
 0 481.57 -1 90 90 -4081.32 -2546.48 -3149.07 -1998.13
 0 473.979 -1 90 90 -4076 -2548.48 -3149.14 -1998.32
 0 465.567 -1 90 90 -4070.79 -2550.72 -3149.15 -1998.27
 0 451.572 -1 90 90 -4067.03 -2553.14 -3149.13 -1998.29
 0 437.955 -1 90 90 -4062.11 -2554.82 -3149.09 -1998.29
 0 424.605 -1 90 90 -4057.53 -2556.81 -3149.17 -1998.3
 0 414.407 -1 90 90 -4052.55 -2559.15 -3149.05 -1998.31
 0 404.011 -1 90 90 -4048.33 -2561.54 -3148.98 -1998.33
 0 395.164 -1 90 90 -4043.69 -2563.61 -3148.98 -1998.43
 0 388.468 -1 90 90 -4038.98 -2565.81 -3148.93 -1998.31
 0 382.429 -1 90 90 -4034.58 -2568.05 -3148.99 -1998.41
 0 398.904 -1 90 90 -4025.17 -2571.27 -3148.97 -1998.33
 0 410.494 -1 90 90 -4020.46 -2574.18 -3149.09 -1998.26
 0 347.775 -1 90 90 -4030.2 -2570.07 -3149.23 -1998.15
 0 349.14 -1 90 90 -4016.54 -2575.79 -3149.15 -1998.07
 0 350.729 -1 90 90 -4011.92 -2577.46 -3149.09 -1998.13
 0 349.928 -1 90 90 -4007.9 -2579.09 -3149.11 -1998.18
 0 365.754 -1 90 90 -3999.45 -2580.93 -3148.99 -1998.28
 0 377.906 -1 90 90 -3994.75 -2583.32 -3149.03 -1998.28
 0 379.292 -1 90 90 -3991.61 -2585.02 -3148.96 -1998.26
 0 380.128 -1 90 90 -3986.44 -2585.87 -3148.97 -1998.3
 0 373.73 -1 90 90 -3983.52 -2588.21 -3149.06 -1998.23
 0 367.681 -1 90 90 -3978.92 -2589.29 -3149.01 -1998.21
 0 360.535 -1 90 90 -3975.04 -2591.2 -3149.13 -1998.2
 0 369.513 -1 90 90 -3967.49 -2594.01 -3148.93 -1998.25
 0 346.377 -1 90 90 -3963.18 -2595.92 -3148.99 -1998.34
 0 314.794 -1 90 90 -3959.02 -2596.96 -3149.13 -1998.31
 0 297.827 -1 90 90 -3955.15 -2598.19 -3148.92 -1998.25
 0 223.874 -1 90 90 -3952.41 -2599.6 -3148.9 -1998.19
 0 370.282 -1 90 90 -3947.52 -2600.74 -3148.99 -1998.1
 0 235.198 -1 90 90 -3944.56 -2602.02 -3148.88 -1998.08
 0 276.809 -1 90 90 -3941.22 -2603.81 -3148.99 -1998.01
 0 265.171 -1 90 90 -3937.63 -2604.31 -3149 -1998.06
 0 226.523 -1 90 90 -3934.66 -2605.23 -3149 -1998.14
 0 245.747 -1 90 90 -3931.59 -2606.61 -3148.94 -1998.07
 0 274.363 -1 90 90 -3928.02 -2607.76 -3149.05 -1998.12
 0 227.488 -1 90 90 -3924.97 -2608.44 -3148.92 -1998.11
 0 313.993 -1 90 90 -3920.97 -2609.95 -3149.04 -1998.16
 0 230.177 -1 90 90 -3917.84 -2610.39 -3149.1 -1998.11
 0 210.548 -1 90 90 -3915.12 -2611.4 -3149.1 -1998.14
 0 260.722 -1 90 90 -3911.69 -2612.37 -3149.24 -1998.26
 0 197.338 -1 90 90 -3909.11 -2613.24 -3149.26 -1998.19
 0 240.227 -1 90 90 -3905.98 -2614.27 -3149.09 -1998.27
 0 255.337 -1 90 90 -3902.56 -2614.97 -3149.1 -1998.25
 0 183.771 -1 90 90 -3900.1 -2615.62 -3149.04 -1998.33
 0 235.799 -1 90 90 -3896.99 -2616.52 -3148.98 -1998.38
 0 217.974 -1 90 90 -3894.08 -2617.22 -3149.05 -1998.2
 0 211.939 -1 90 90 -3891.42 -2618.42 -3149.05 -1998.2
 0 233.906 -1 90 90 -3888.29 -2619.1 -3149.23 -1998.26
 0 286.212 -1 90 90 -3884.59 -2620.37 -3149.08 -1998.26
 0 337.042 -1 90 90 -3880.43 -2622.29 -3148.98 -1998.23
 0 244.611 -1 90 90 -3877.23 -2623.3 -3148.96 -1998.26
 0 448.967 -1 90 90 -3873.52 -2628.11 -3148.93 -1998.4
 0 481.295 -1 90 90 -3868.6 -2632.37 -3149.02 -1998.32
 0 426.296 -1 90 90 -3864.03 -2635.89 -3149.07 -1998.33
 0 372.865 -1 90 90 -3860.62 -2639.64 -3149.04 -1998.23
 0 295.849 -1 90 90 -3856.9 -2641.2 -3149.08 -1998.21
 0 329.831 -1 90 90 -3852.92 -2643.28 -3149.11 -1998.21
 0 352.473 -1 90 90 -3848.17 -2643.91 -3149.12 -1998.13
 0 245.099 -1 90 90 -3844.83 -2643.61 -3149.08 -1998.13
 0 269.479 -1 90 90 -3841.18 -2643.1 -3149.01 -1998.27
 0 252.18 -1 90 90 -3837.76 -2642.6 -3148.98 -1998.26
 0 632.258 -1 90 90 -3830.01 -2639.07 -3149.02 -1998.13
 0 418.168 -1 90 90 -3825.94 -2635.13 -3149 -1998.01
 0 428.036 -1 90 90 -3822.84 -2630.23 -3148.89 -1997.98
 0 562.939 -1 90 90 -3818.64 -2623.9 -3148.94 -1997.95
 0 477.71 -1 90 90 -3814.57 -2618.88 -3148.94 -1997.93
 0 413.362 -1 90 90 -3811.46 -2614.22 -3148.96 -1998
 0 512.616 -1 90 90 -3806.89 -2609.02 -3148.91 -1997.92
 0 571.42 -1 90 90 -3802.33 -2602.8 -3148.85 -1997.92
 0 453.488 -1 90 90 -3798.57 -2597.94 -3148.8 -1998.07
 0 521.773 -1 90 90 -3793.73 -2592.83 -3148.95 -1998.04
 0 546.728 -1 90 90 -3788.97 -2587.18 -3149.08 -1998.14
 0 520.893 -1 90 90 -3783.71 -2582.52 -3148.89 -1998.21
 0 624.323 -1 90 90 -3777.31 -2577.04 -3148.89 -1998.24
 0 499.876 -1 90 90 -3772.33 -2572.48 -3148.94 -1998.23
 0 536.453 -1 90 90 -3766.4 -2568.32 -3148.91 -1998.1
 0 602.036 -1 90 90 -3759.92 -2563.43 -3148.99 -1998.02
 0 626.594 -1 90 90 -3752.68 -2559.08 -3148.94 -1998.1
 0 524.784 -1 90 90 -3746.37 -2555.85 -3149.1 -1998.17
 0 622.228 -1 90 90 -3738.75 -2552.35 -3149.1 -1998.12
 0 582.121 -1 90 90 -3731.89 -2548.54 -3149.19 -1998.04
 0 647.147 -1 90 90 -3724.24 -2544.34 -3149.31 -1998.13
 0 732.859 -1 90 90 -3715.03 -2540.82 -3149.22 -1998.2
 0 589.347 -1 90 90 -3707.51 -2538.25 -3149.09 -1998.18
 0 729.37 -1 90 90 -3698.12 -2535.39 -3149.2 -1998.18
 0 658.759 -1 90 90 -3689.8 -2532.29 -3149.11 -1998.16
 0 794.09 -1 90 90 -3679.6 -2529.15 -3149.14 -1998.12
 0 749.846 -1 90 90 -3669.87 -2526.47 -3149.1 -1998.16
 0 781.296 -1 90 90 -3659.8 -2523.46 -3149.03 -1998.22
 0 734.798 -1 90 90 -3650.29 -2520.76 -3148.97 -1998.22
 0 738.901 -1 90 90 -3640.51 -2518.95 -3148.93 -1998.17
 0 882.081 -1 90 90 -3629.23 -2515.32 -3148.99 -1998.12
 0 772.717 -1 90 90 -3619.29 -2512.28 -3148.98 -1998.15
 0 891.035 -1 90 90 -3607.55 -2509.91 -3148.9 -1998.11
 0 873.487 -1 90 90 -3596.3 -2506.59 -3148.9 -1998.16
 0 872.775 -1 90 90 -3585.36 -2502.35 -3149.04 -1998.14
 0 927 -1 90 90 -3573.24 -2499.49 -3149.1 -1998.04
 0 947.91 -1 90 90 -3561.23 -2495.28 -3149.02 -1998.03
 0 1920.45 -1 90 90 -3536.11 -2489.85 -3149 -1998.01
 0 945.19 -1 90 90 -3523.98 -2486.13 -3149.14 -1998.04
 0 1933.44 -1 90 90 -3549.1 -2492.29 -3149.13 -1997.98
 0 2865.77 -1 90 90 -3511.46 -2483.78 -3149.07 -1998.04
 0 1075.28 -1 90 90 -3497.5 -2480.14 -3149.04 -1998.04
 0 1063.13 -1 90 90 -3483.55 -2477.11 -3149.08 -1998.07
 0 2154.86 -1 90 90 -3455.57 -2470.2 -3149.03 -1998.06
 0 1120.25 -1 90 90 -3441 -2466.53 -3149.03 -1998.12
 0 1111.27 -1 90 90 -3426.32 -2463.95 -3149.04 -1998.23
 0 1155.7 -1 90 90 -3411.22 -2460.45 -3149.05 -1998.24
 0 1092.32 -1 90 90 -3396.96 -2457.07 -3148.92 -1998.35
 0 1136.95 -1 90 90 -3382.14 -2453.47 -3148.82 -1998.45
 0 1194.54 -1 90 90 -3366.64 -2449.43 -3148.77 -1998.41
 0 1259.48 -1 90 90 -3350.59 -2444.18 -3148.8 -1998.4
 0 1285.53 -1 90 90 -3334.11 -2439.13 -3148.87 -1998.37
 0 1198.25 -1 90 90 -3318.55 -2435.15 -3148.86 -1998.29
 0 1178.86 -1 90 90 -3303.37 -2430.72 -3148.83 -1998.29
 0 1256.4 -1 90 90 -3287.23 -2425.92 -3148.81 -1998.25
 0 1236.85 -1 90 90 -3271.59 -2420.39 -3148.95 -1998.26
 0 1299.02 -1 90 90 -3255.02 -2415.06 -3148.95 -1998.26
 0 1258.94 -1 90 90 -3239.03 -2409.64 -3148.86 -1998.2
 0 1281.74 -1 90 90 -3222.75 -2404.16 -3148.93 -1998.26
 0 1377.18 -1 90 90 -3205.69 -2397.12 -3148.93 -1998.23
 0 1153.12 -1 90 90 -3191.39 -2391.25 -3148.99 -1998.29
 0 1387.55 -1 90 90 -3174.23 -2384.09 -3149 -1998.26
 0 1270.08 -1 90 90 -3158.81 -2376.86 -3149.08 -1998.35
 0 1315.29 -1 90 90 -3142.76 -2369.57 -3149.08 -1998.27
 0 1344.47 -1 90 90 -3126.34 -2362.15 -3149.05 -1998.3
 0 1378.51 -1 90 90 -3109.7 -2354.14 -3149.05 -1998.32
 0 1244.7 -1 90 90 -3094.97 -2346.29 -3149.15 -1998.24
 0 1385.37 -1 90 90 -3078 -2338.79 -3149.08 -1998.14
 0 1369.33 -1 90 90 -3061.78 -2330.2 -3149 -1998.17
 0 1418.98 -1 90 90 -3044.8 -2321.66 -3148.96 -1998.3
 0 1285.46 -1 90 90 -3029.31 -2314.1 -3148.82 -1998.31
 0 1428.37 -1 90 90 -3012.44 -2305.07 -3148.73 -1998.25
 0 1371.79 -1 90 90 -2996.43 -2296.04 -3148.8 -1998.22
 0 1460.86 -1 90 90 -2979.49 -2286.25 -3148.9 -1998.15
 0 1392.14 -1 90 90 -2963.13 -2277.29 -3148.94 -1998.2
 0 1403.02 -1 90 90 -2947.01 -2267.61 -3149.03 -1998.27
 0 1471.36 -1 90 90 -2929.91 -2257.81 -3149.04 -1998.29
 0 1378.31 -1 90 90 -2913.77 -2248.84 -3149.11 -1998.38
 0 1406.12 -1 90 90 -2897.52 -2239.31 -3149.05 -1998.38
 0 1351.86 -1 90 90 -2881.91 -2230.11 -3149.1 -1998.27
 0 1428.7 -1 90 90 -2865.22 -2220.74 -3149.12 -1998.32
 0 1370.37 -1 90 90 -2849.39 -2211.44 -3149.03 -1998.31
 0 1574.81 -1 90 90 -2831.61 -2200.09 -3149.03 -1998.31
 0 1366.68 -1 90 90 -2816.6 -2189.6 -3149 -1998.12
 0 1450.54 -1 90 90 -2799.89 -2179.69 -3148.92 -1998.11
 0 1358.12 -1 90 90 -2784.77 -2169.55 -3148.96 -1998.09
 0 1532.06 -1 90 90 -2767.36 -2158.7 -3149.04 -1998.09
 0 1366.79 -1 90 90 -2752.23 -2148.38 -3148.95 -1998.08
 0 1483.19 -1 90 90 -2735.74 -2137.3 -3149.01 -1998.04
 0 2943.22 -1 90 90 -2702.97 -2115.02 -3149.02 -1998.17
 0 1541.2 -1 90 90 -2719.91 -2126.81 -3148.98 -1998.18
 0 2959.56 -1 90 90 -2686.93 -2104.45 -3148.99 -1998.09
 0 2961.2 -1 90 90 -2653.58 -2082.59 -3148.87 -1998.19
 0 1430.69 -1 90 90 -2636.7 -2073.52 -3148.99 -1998.18
 0 1505.11 -1 90 90 -2618.97 -2063.91 -3148.93 -1998.3
 0 1490.47 -1 90 90 -2601.5 -2054.26 -3148.97 -1998.29
 0 1493.92 -1 90 90 -2584.3 -2044.04 -3148.92 -1998.3
 0 1613.15 -1 90 90 -2565.33 -2033.7 -3148.87 -1998.28
 0 2890.99 -1 90 90 -2531.21 -2014.95 -3148.9 -1998.22
 0 1553.85 -1 90 90 -2513.46 -2004.1 -3148.9 -1998.28
 0 2983.6 -1 90 90 -2548.5 -2023.74 -3148.89 -1998.14
 0 4425 -1 90 90 -2496.71 -1994.66 -3148.91 -1998.28
 0 1497.07 -1 90 90 -2479.76 -1983.96 -3148.89 -1998.36
 0 1499.31 -1 90 90 -2462.97 -1972.94 -3148.92 -1998.32
 0 1345.3 -1 90 90 -2447.66 -1963.42 -3148.97 -1998.2
 0 1451.4 -1 90 90 -2431.03 -1953.34 -3148.94 -1998.15
 0 2937.36 -1 90 90 -2397.52 -1932.34 -3148.99 -1998.13
 0 1513.75 -1 90 90 -2414.78 -1942.98 -3149.08 -1998.12
 0 3000.39 -1 90 90 -2379.68 -1922.99 -3148.97 -1998.13
 0 1445.17 -1 90 90 -2362.09 -1914.9 -3148.94 -1998.09
 0 1536.91 -1 90 90 -2344.5 -1904.21 -3148.86 -1998.12
 0 1432.84 -1 90 90 -2328.15 -1894.15 -3148.89 -1998.12
 0 1344.55 -1 90 90 -2312.73 -1884.83 -3149.03 -1998.08
 0 1366.38 -1 90 90 -2297.72 -1874.35 -3149.12 -1997.93
 0 1465.3 -1 90 90 -2281.03 -1864.01 -3149.2 -1998
 0 1387.05 -1 90 90 -2265.5 -1853.8 -3149.21 -1997.98
 0 1451.65 -1 90 90 -2249.49 -1842.76 -3149.21 -1998.14
 0 1212.43 -1 90 90 -2235.9 -1833.84 -3149.19 -1998.24
 0 2769.85 -1 90 90 -2205.58 -1812.08 -3149.02 -1998.2
 0 1370.13 -1 90 90 -2190.07 -1802.27 -3149.03 -1998.24
 0 1411.92 -1 90 90 -2174.57 -1791.42 -3149.05 -1998.21
 0 1351.39 -1 90 90 -2159.34 -1781.62 -3149.03 -1998.1
 0 1414.82 -1 90 90 -2143.96 -1770.55 -3148.94 -1998.17
 0 1443.89 -1 90 90 -2127.8 -1759.91 -3148.87 -1998.11
 0 1358.38 -1 90 90 -2112.61 -1749.88 -3148.83 -1998.14
 0 1428.66 -1 90 90 -2096.88 -1738.97 -3148.88 -1998.14
 0 1440.5 -1 90 90 -2081.09 -1727.89 -3148.82 -1998.26
 0 1476.35 -1 90 90 -2065.07 -1716.29 -3148.84 -1998.17
 0 1362.94 -1 90 90 -2050.32 -1705.52 -3148.92 -1998.12
 0 1438.9 -1 90 90 -2034.38 -1694.68 -3149.05 -1998.11
 0 1441.59 -1 90 90 -2018.61 -1683.53 -3148.96 -1998.1
 0 1491.24 -1 90 90 -2002.36 -1671.91 -3148.95 -1998.08
 0 1416.28 -1 90 90 -1987.48 -1660.14 -3148.9 -1998.14
 0 1496.69 -1 90 90 -1971.12 -1648.55 -3148.85 -1998.07
 0 1437.04 -1 90 90 -1955.02 -1638 -3148.82 -1998.08
 0 1495.33 -1 90 90 -1939.2 -1625.72 -3148.97 -1998.09
 0 1400.05 -1 90 90 -1923.89 -1614.87 -3149.08 -1998.2
 0 1489.65 -1 90 90 -1907.93 -1602.91 -3149.12 -1998.24
 0 1478.58 -1 90 90 -1892.22 -1590.84 -3149.01 -1998.31
 0 1422.42 -1 90 90 -1877.35 -1578.92 -3148.95 -1998.3
 0 1393.46 -1 90 90 -1862.66 -1567.4 -3148.94 -1998.25
 0 1457.74 -1 90 90 -1846.46 -1556.5 -3148.98 -1998.15
 0 1451.2 -1 90 90 -1831.72 -1543.82 -3149.07 -1998.23
 0 1420.5 -1 90 90 -1816.84 -1531.96 -3149.1 -1998.25
 0 1486.24 -1 90 90 -1801.37 -1519.43 -3149.24 -1998.25
 0 1436.23 -1 90 90 -1785.89 -1508 -3149.15 -1998.25
 0 1346.29 -1 90 90 -1772.65 -1495.74 -3149.08 -1998.24
 0 1444.86 -1 90 90 -1757.41 -1483.81 -3149.03 -1998.35
 0 1357.31 -1 90 90 -1743.18 -1472.48 -3149.06 -1998.32
 0 1386.95 -1 90 90 -1730.18 -1459.2 -3149.09 -1998.21
 0 1333.39 -1 90 90 -1716.07 -1448.24 -3149.05 -1998.13
 0 1259.23 -1 90 90 -1703.6 -1436.86 -3149.1 -1998.17
 0 1289.21 -1 90 90 -1690.71 -1425.35 -3149 -1998.17
 0 1207.26 -1 90 90 -1678.63 -1414.57 -3148.92 -1998.21
 0 1284.53 -1 90 90 -1666.69 -1402.17 -3148.9 -1998.19
 0 1274.16 -1 90 90 -1654.37 -1390.34 -3148.83 -1998.25
 0 1242.18 -1 90 90 -1642.31 -1378.86 -3148.94 -1998.1
 0 1186.56 -1 90 90 -1630.53 -1368.16 -3148.95 -1998.11
 0 1149.57 -1 90 90 -1619.44 -1357.44 -3149.01 -1997.95
 0 1080.14 -1 90 90 -1609.26 -1347.13 -3148.88 -1998.01
 0 1133.94 -1 90 90 -1598.01 -1336.9 -3148.78 -1998.11
 0 1124.87 -1 90 90 -1587.69 -1325.89 -3148.81 -1998.05
 0 1167.95 -1 90 90 -1575.78 -1315.71 -3148.74 -1998.07
 0 2224.46 -1 90 90 -1554.55 -1294.87 -3148.81 -1998.05
 0 955.568 -1 90 90 -1544.76 -1286.58 -3148.77 -1998.15
 0 2076.53 -1 90 90 -1565.27 -1305.31 -3148.85 -1998.17
 0 1767.91 -1 90 90 -1533.71 -1276.52 -3148.95 -1998.12
 0 1337.68 -1 90 90 -1513.12 -1259.63 -3148.84 -1998.21
 0 907.983 -1 90 90 -1502.7 -1251.34 -3148.82 -1998.31
 0 502.038 -1 90 90 -1491.6 -1243.09 -3148.87 -1998.3
 0 145.476 -1 90 90 -1481.47 -1235.89 -3148.84 -1998.28
 0 164.835 -1 90 90 -1470.68 -1228.33 -3148.86 -1998.26
 0 418.748 -1 90 90 -1460.41 -1221.27 -3148.93 -1998.17
 0 627.415 -1 90 90 -1448.76 -1214.43 -3148.97 -1998.09
 0 791.338 -1 90 90 -1436.73 -1208.22 -3148.91 -1998.02
 0 916.311 -1 90 90 -1424.62 -1201.7 -3148.89 -1998.14
 0 1009.49 -1 90 90 -1411.89 -1195.31 -3148.96 -1998.08
 0 1146.57 -1 90 90 -1384.08 -1182.46 -3148.94 -1998.07
 0 1237.78 -1 90 90 -1370.16 -1176.87 -3149.06 -1998.06
 0 1303.59 -1 90 90 -1353.98 -1170.21 -3149.04 -1998.15
 0 1349.27 -1 90 90 -1338.31 -1162.22 -3149 -1998.18
 0 1379.43 -1 90 90 -1322.68 -1153.67 -3148.98 -1998.16
 0 1402.63 -1 90 90 -1305.65 -1145.09 -3149.02 -1998.17
 0 1418.02 -1 90 90 -1289.38 -1135.87 -3148.97 -1998.27
 0 1436.81 -1 90 90 -1271.31 -1125.33 -3149 -1998.3
 0 1450.23 -1 90 90 -1254.59 -1115.46 -3148.97 -1998.25
 0 1467.02 -1 90 90 -1236.27 -1104.82 -3148.91 -1998.2
 0 1481.32 -1 90 90 -1218.43 -1095.14 -3148.93 -1998.15
 0 1495 -1 90 90 -1200.26 -1085.13 -3148.93 -1998.17
 0 1512.31 -1 90 90 -1180.6 -1075.56 -3149.12 -1998.34
 0 1528.68 -1 90 90 -1162.44 -1064.36 -3149.17 -1998.38
 0 1546.93 -1 90 90 -1142.89 -1054.06 -3149.15 -1998.37
 0 1570.43 -1 90 90 -1121.47 -1044.8 -3149.05 -1998.37
 0 1590.21 -1 90 90 -1101.75 -1035.28 -3149.11 -1998.45
 0 1611.86 -1 90 90 -1080.77 -1025.43 -3149.14 -1998.48
 0 1638 -1 90 90 -1059.28 -1014.35 -3149.04 -1998.39
 0 1667.37 -1 90 90 -1037.83 -1002.34 -3149.04 -1998.34
 0 1691.53 -1 90 90 -1017.37 -991.257 -3149.1 -1998.36
 0 1719.59 -1 90 90 -994.857 -979.718 -3149.04 -1998.34
 0 1743.7 -1 90 90 -973.591 -968.247 -3148.97 -1998.35
 0 1765.81 -1 90 90 -951.46 -957.403 -3148.95 -1998.42
 0 1788.76 -1 90 90 -928.786 -945.877 -3149.12 -1998.31
 0 1810.45 -1 90 90 -906.269 -934.288 -3149.07 -1998.27
 0 1829.46 -1 90 90 -883.495 -923.479 -3149.09 -1998.23
 0 1846.05 -1 90 90 -860.854 -912.156 -3149.02 -1998.19
 0 1865.36 -1 90 90 -837.606 -899.339 -3148.99 -1998.16
 0 1881.33 -1 90 90 -814.133 -889.01 -3149.03 -1998.07
 0 1893.11 -1 90 90 -791.533 -877.462 -3149.07 -1998.11
 0 1903.51 -1 90 90 -768.344 -865.983 -3149.17 -1998.23
 0 1914.71 -1 90 90 -744.281 -855.055 -3149.09 -1998.33
 0 1923.62 -1 90 90 -721.19 -843.302 -3149.01 -1998.17
 0 1932.28 -1 90 90 -697.231 -832.352 -3149.08 -1998.17
 0 1940.61 -1 90 90 -672.966 -821.865 -3149.14 -1998.13
 0 1948.64 -1 90 90 -648.813 -810.95 -3149.16 -1998.2
 0 1954.53 -1 90 90 -625.157 -799.779 -3149.02 -1998.19
 0 1961.35 -1 90 90 -600.789 -788.641 -3149.01 -1998.16
 0 1963.17 -1 90 90 -577.55 -777.919 -3149.07 -1998.18
 0 1968.05 -1 90 90 -553.002 -766.448 -3149.2 -1998.21
 0 1973.98 -1 90 90 -529.148 -753.893 -3149.2 -1998.15
 0 1978.12 -1 90 90 -505.381 -742.314 -3149.22 -1998.14
 0 1980.18 -1 90 90 -481.465 -731.386 -3149.05 -1998.23
 0 1978.09 -1 90 90 -458.831 -719.153 -3148.99 -1998.25
 0 1983.67 -1 90 90 -433.765 -706.52 -3148.98 -1998.27
 0 1987.53 -1 90 90 -409.757 -695.181 -3149.02 -1998.33
 0 1989.23 -1 90 90 -386.421 -682.856 -3149.12 -1998.41
 0 1996.43 -1 90 90 -361.216 -670.678 -3149.02 -1998.44
 0 1994.82 -1 90 90 -338.67 -659.38 -3148.95 -1998.44
 0 1993.13 -1 90 90 -315.103 -647.134 -3148.92 -1998.26
 0 1998.51 -1 90 90 -289.488 -635.41 -3148.97 -1998.29
 0 1999.13 -1 90 90 -265.972 -624.213 -3148.87 -1998.21
 0 1999.52 -1 90 90 -242.318 -611.725 -3148.82 -1998.23
 0 2005.48 -1 90 90 -216.614 -600.423 -3148.72 -1998.22
 0 2007.74 -1 90 90 -193.452 -587.655 -3148.75 -1998.15
 0 2010.11 -1 90 90 -168.835 -576.417 -3148.83 -1998.25
 0 2013.28 -1 90 90 -144.299 -564.562 -3148.93 -1998.24
 0 2009.08 -1 90 90 -121.821 -552.53 -3148.84 -1998.19
 0 2002.23 -1 90 90 -99.2037 -539.686 -3148.87 -1998.27
 0 2000.73 -1 90 90 -75.0524 -526.494 -3148.92 -1998.29
 0 1997.07 -1 90 90 -52.3132 -513.504 -3148.86 -1998.26
 0 1996.32 -1 90 90 -28.3199 -500.891 -3148.92 -1998.32
 0 1990 -1 90 90 -6.33037 -488.186 -3148.98 -1998.4
 0 1984.83 -1 90 90 17.0797 -475.943 -3149.1 -1998.34
 0 1980.22 -1 90 90 40.295 -463.58 -3149.1 -1998.44
 0 1979.87 -1 90 90 64.2942 -450.925 -3149.12 -1998.42
 0 1979.27 -1 90 90 87.4718 -438.273 -3149.1 -1998.34
 0 1981.48 -1 90 90 110.988 -424.832 -3149.18 -1998.24
 0 1981.57 -1 90 90 133.88 -412.112 -3149.21 -1998.25
 0 1988.95 -1 90 90 158.78 -398.912 -3149.15 -1998.24
 0 1993.24 -1 90 90 181.926 -386.125 -3149.08 -1998.21
 0 1993.35 -1 90 90 204.206 -372.634 -3149.11 -1998.14
 0 2000.84 -1 90 90 229.015 -358.892 -3149.05 -1998.08
 0 2000.55 -1 90 90 251.428 -346.653 -3149.15 -1998.11
 0 2007.01 -1 90 90 276.525 -333.585 -3149.01 -1998.17
 0 2005.55 -1 90 90 298.584 -320.758 -3148.92 -1998.15
 0 2012.66 -1 90 90 323.491 -306.528 -3148.87 -1998.21
 0 2018.8 -1 90 90 347.565 -293.808 -3148.89 -1998.19
 0 2027.18 -1 90 90 372.445 -281.004 -3148.9 -1998.13
 0 2027.65 -1 90 90 394.636 -267.566 -3148.87 -1998.19
 0 2032.43 -1 90 90 419.645 -254.632 -3148.99 -1998.16
 0 2034.38 -1 90 90 442.979 -241.259 -3149.19 -1998.11
 0 2040.74 -1 90 90 468.09 -228.056 -3149.09 -1998.17
 0 2039.33 -1 90 90 490.758 -215.342 -3149.11 -1998.17
 0 2040.17 -1 90 90 514.791 -201.573 -3149.19 -1998.29
 0 2037.6 -1 90 90 538.058 -188.733 -3149.06 -1998.32
 0 2040.55 -1 90 90 563.236 -175.718 -3148.92 -1998.28
 0 2035.81 -1 90 90 585.728 -163.165 -3148.93 -1998.32
 0 2033.26 -1 90 90 609.234 -149.073 -3149.19 -1998.35
 0 2036.19 -1 90 90 633.957 -135.365 -3149.22 -1998.27
 0 2036.5 -1 90 90 657.739 -122.88 -3149.15 -1998.3
 0 2032.66 -1 90 90 680.374 -109.426 -3149.03 -1998.33
 0 2080.4 -1 90 90 717.853 -97.3224 -3148.91 -1998.32
 0 2103.51 -1 90 90 740.634 -85.5991 -3148.99 -1998.25
 0 2094.34 -1 90 90 758.432 -71.2377 -3148.97 -1998.19
 0 2158.98 -1 90 90 802.732 -60.76 -3148.9 -1998.14
 0 2200.6 -1 90 90 826.758 -45.6697 -3148.84 -1998.07
 0 2212.18 -1 90 90 849.035 -32.9779 -3148.86 -1998.14
 0 2217.08 -1 90 90 874.794 -19.8564 -3148.93 -1998.14
 0 2206.61 -1 90 90 898.134 -7.26358 -3148.98 -1998.21
 0 2190.68 -1 90 90 921.869 6.79898 -3148.89 -1998.26
 0 2166.64 -1 90 90 944.896 19.505 -3148.9 -1998.1
 0 2146.61 -1 90 90 969.547 33.0884 -3149 -1998.04
 0 2124.3 -1 90 90 992.682 46.5204 -3149.02 -1998.2
 0 2102.69 -1 90 90 1015.42 61.1305 -3149.12 -1998.16
 0 2084.38 -1 90 90 1038.79 75.2529 -3149.12 -1998.1
 0 2068.33 -1 90 90 1062.7 87.8797 -3149.15 -1998.08
 0 2055.52 -1 90 90 1085.78 102.392 -3149.08 -1998.01
 0 2048.54 -1 90 90 1109.92 116.349 -3149.03 -1998
 0 2043.22 -1 90 90 1133.26 130.447 -3148.97 -1997.95
 0 2039.57 -1 90 90 1157.19 143.648 -3148.94 -1998.14
 0 2038.17 -1 90 90 1181.05 157.392 -3149.03 -1998.13
 0 2037.81 -1 90 90 1204.4 171.743 -3149.11 -1998.2
 0 2035.18 -1 90 90 1227.17 185.713 -3149.16 -1998.24
 0 2035.08 -1 90 90 1250.81 199.98 -3149.29 -1998.32
 0 2029.78 -1 90 90 1272.85 213.852 -3149.3 -1998.31
 0 2023.96 -1 90 90 1295.52 227.866 -3149.17 -1998.24
 0 2020.69 -1 90 90 1318.19 243.002 -3149.03 -1998.23
 0 2019.42 -1 90 90 1341.53 257.049 -3149.12 -1998.04
 0 2018.53 -1 90 90 1364.7 270.931 -3148.98 -1998.27
 0 2016.24 -1 90 90 1387.09 285.345 -3149.08 -1998.36
 0 2015.01 -1 90 90 1409.57 300.42 -3148.9 -1998.44
 0 2015.77 -1 90 90 1432.62 315.08 -3149.13 -1998.36
 0 2016.38 -1 90 90 1455.52 329.362 -3149.21 -1998.3
 0 2018.29 -1 90 90 1478.41 344.264 -3149.21 -1998.29
 0 2019.56 -1 90 90 1501.14 358.824 -3149.19 -1998.29
 0 2022.29 -1 90 90 1523.75 374.404 -3149.04 -1998.29
 0 2025.58 -1 90 90 1546.62 389.46 -3149.06 -1998.24
 0 2028.65 -1 90 90 1569.17 404.843 -3149.12 -1998.18
 0 2028.48 -1 90 90 1591.57 419.226 -3149.13 -1998.13
 0 2029.29 -1 90 90 1614.43 434.243 -3149.05 -1998.15
 0 2034.06 -1 90 90 1637.93 449.656 -3149 -1998.23
 0 2033.39 -1 90 90 1660.28 463.566 -3149.05 -1998.16
 0 2037.32 -1 90 90 1683.83 479.086 -3148.94 -1998.16
 0 2039.57 -1 90 90 1706.65 493.81 -3148.99 -1998.24
 0 2041.42 -1 90 90 1729.09 509.488 -3148.98 -1998.15
 0 2044.08 -1 90 90 1752.2 524.629 -3148.95 -1998.18
 0 2044.01 -1 90 90 1774.64 539.491 -3149 -1998.23
 0 2045.73 -1 90 90 1797.8 554.774 -3149.1 -1998.24
 0 2048.17 -1 90 90 1820.81 570.125 -3148.95 -1998.11
 0 2047.42 -1 90 90 1843.38 584.665 -3149.04 -1998.04
 0 2050.04 -1 90 90 1866.87 600.1 -3149.05 -1998.07
 0 2050.95 -1 90 90 1889.32 615.504 -3148.91 -1998.17
 0 2050.55 -1 90 90 1912.02 630.491 -3148.93 -1998.18
 0 2049.32 -1 90 90 1934.42 645.952 -3149.02 -1998.14
 0 2047.98 -1 90 90 1957.28 660.891 -3149 -1998.09
 0 2049.92 -1 90 90 1980.67 676.364 -3149.04 -1998.16
 0 2048.84 -1 90 90 2002.97 691.362 -3148.93 -1998.02
 0 2049.9 -1 90 90 2025.6 707.571 -3148.94 -1998.11
 0 2049.03 -1 90 90 2048.21 722.441 -3149.01 -1998.24
 0 2048.68 -1 90 90 2071.01 737.755 -3148.92 -1998.29
 0 2044.41 -1 90 90 2093.07 752.403 -3148.91 -1998.35
 0 2039.56 -1 90 90 2115.22 767.692 -3148.91 -1998.33
 0 2035.85 -1 90 90 2137.63 783.092 -3148.92 -1998.35
 0 2029.97 -1 90 90 2159.52 797.977 -3148.95 -1998.31
 0 2023.66 -1 90 90 2181.37 813.201 -3149 -1998.26
 0 2016.05 -1 90 90 2202.85 828.404 -3148.98 -1998.35
 0 2007.25 -1 90 90 2224.39 843.228 -3148.96 -1998.32
 0 1999.61 -1 90 90 2245.78 858.855 -3149.08 -1998.2
 0 1991.97 -1 90 90 2266.75 874.583 -3149.02 -1998.22
 0 1979.03 -1 90 90 2286.84 889.267 -3149.05 -1998.18
 0 1963.47 -1 90 90 2306.74 904.302 -3149.03 -1998.17
 0 2039.55 -1 90 90 2343.56 932.009 -3148.99 -1998.09
 0 2082.62 -1 90 90 2363.91 946.991 -3148.92 -1998.12
 0 2094.14 -1 90 90 2382.35 962.075 -3148.88 -1998.13
 0 2075.06 -1 90 90 2399.1 976.168 -3148.87 -1998.18
 0 2037.54 -1 90 90 2416.57 989.776 -3148.85 -1998.23
 0 1989.11 -1 90 90 2433.79 1003.51 -3148.75 -1998.18
 0 1939.67 -1 90 90 2452.13 1017.14 -3148.8 -1998.21
 0 1894.11 -1 90 90 2469.61 1032.53 -3148.82 -1998.22
 0 1843.17 -1 90 90 2484.84 1046.79 -3148.91 -1998.25
 0 1790.25 -1 90 90 2500.01 1060.62 -3148.85 -1998.22
 0 1732.6 -1 90 90 2513.86 1073.69 -3149.01 -1998.18
 0 1683.97 -1 90 90 2529.5 1087.76 -3148.98 -1998.23
 0 1651.58 -1 90 90 2546.81 1102.43 -3148.94 -1998.25
 0 1615.29 -1 90 90 2561 1114.84 -3148.92 -1998.23
 0 1577.86 -1 90 90 2575.18 1127.07 -3148.95 -1998.09
 0 1538.11 -1 90 90 2588.65 1138.81 -3148.99 -1998.1
 0 1500.37 -1 90 90 2602.61 1150.43 -3149.03 -1998.14
 0 1474.15 -1 90 90 2618.23 1162.93 -3149.02 -1998.18
 0 1454.25 -1 90 90 2631.96 1176.51 -3149.01 -1998.09
 0 1431.83 -1 90 90 2644.24 1188.99 -3149.1 -1998.13
 0 1411.55 -1 90 90 2657.61 1201.09 -3149.11 -1998.13
 0 1387.31 -1 90 90 2669.97 1212.06 -3149.15 -1998.15
 0 1372.65 -1 90 90 2684.43 1224.4 -3149.1 -1998.18
 0 1249.81 -1 90 90 2697.24 1235.21 -3149.05 -1998.27
 0 1283.05 -1 90 90 2709.85 1246.9 -3149.12 -1998.24
 0 1310.72 -1 90 90 2722.91 1258.65 -3149.01 -1998.23
 0 1267.83 -1 90 90 2735.99 1269.51 -3148.96 -1998.26
 0 1266.12 -1 90 90 2748.34 1281.15 -3148.9 -1998.15
 0 1192.46 -1 90 90 2760.45 1291.59 -3148.93 -1998.05
 0 1211.22 -1 90 90 2771.93 1303.08 -3148.78 -1998
 0 1195.19 -1 90 90 2783.71 1313.95 -3148.67 -1998.16
 0 1102.53 -1 90 90 2793.91 1324.66 -3148.73 -1998.27
 0 1156.49 -1 90 90 2804.69 1335.81 -3148.83 -1998.12
 0 1114.56 -1 90 90 2815.09 1346.55 -3149 -1998.16
 0 1053.87 -1 90 90 2824.73 1356.9 -3149.01 -1998.17
 0 1109.08 -1 90 90 2834.7 1367.94 -3148.98 -1998.22
 0 979.935 -1 90 90 2843.09 1378.08 -3148.97 -1998.19
 0 1044.57 -1 90 90 2851.73 1389.12 -3149 -1998.19
 0 1019.28 -1 90 90 2861.17 1399.02 -3148.97 -1998.19
 0 986.074 -1 90 90 2870.38 1408.53 -3148.98 -1998.15
 0 1029.58 -1 90 90 2880.11 1418.35 -3148.89 -1998.18
 0 1888.64 -1 90 90 2896.44 1437.63 -3148.84 -1998.17
 0 993.215 -1 90 90 2904.47 1448.28 -3148.82 -1998.22
 0 910.048 -1 90 90 2912.15 1457.79 -3148.99 -1998.16
 0 917.389 -1 90 90 2919.61 1467.59 -3149.11 -1998.05
 0 966.212 -1 90 90 2926.75 1478.43 -3149 -1998.15
 0 823.56 -1 90 90 2933.04 1487.54 -3148.98 -1998.2
 0 991.16 -1 90 90 2940.57 1498.51 -3148.88 -1998.21
 0 886.196 -1 90 90 2946.98 1508.55 -3148.98 -1998.19
 0 812.772 -1 90 90 2953.33 1517.44 -3149.03 -1998.11
 0 995.906 -1 90 90 2960.42 1528.77 -3149.04 -1998.05
 0 891.317 -1 90 90 2967.21 1538.64 -3149.09 -1998.08
 0 836.335 -1 90 90 2973.33 1548.07 -3149.04 -1998.13
 0 867.047 -1 90 90 2980.13 1557.53 -3149.06 -1998.25
 0 807.113 -1 90 90 2987 1565.93 -3149.08 -1998.25
 0 797.89 -1 90 90 2993.5 1574.47 -3148.97 -1998.21
 0 839.215 -1 90 90 3001.06 1582.84 -3149 -1998.27
 0 802.036 -1 90 90 3008.1 1591.01 -3149 -1998.26
 0 771.338 -1 90 90 3014.76 1598.97 -3148.95 -1998.19
 0 691.319 -1 90 90 3022.28 1604.45 -3149 -1998.24
 0 732.8 -1 90 90 3029.61 1611.04 -3149.01 -1998.22
 0 671.316 -1 90 90 3036.62 1616.76 -3148.96 -1998.18
 0 703.277 -1 90 90 3044.16 1622.49 -3148.89 -1998.18
 0 704.655 -1 90 90 3051.96 1627.89 -3148.9 -1998.16
 0 754.303 -1 90 90 3060.42 1633.5 -3148.89 -1998.08
 0 695.038 -1 90 90 3067.01 1640.13 -3149.03 -1998.06
 0 665.539 -1 90 90 3073.88 1645.89 -3149.07 -1997.96
 0 642.713 -1 90 90 3079.91 1652.11 -3148.97 -1998.07
 0 643.193 -1 90 90 3085.77 1658.49 -3148.89 -1998.1
 0 603.474 -1 90 90 3091.15 1664.6 -3148.9 -1998.06
 0 665.256 -1 90 90 3096.89 1671.49 -3149.01 -1998.13
 0 539.514 -1 90 90 3100.81 1677.62 -3149.08 -1998.26
 0 552.104 -1 90 90 3104.8 1683.92 -3149.04 -1998.32
 0 479.894 -1 90 90 3107.99 1689.57 -3149.18 -1998.34
 0 431.118 -1 90 90 3110.03 1695.04 -3149.09 -1998.35
 0 218.657 -1 90 90 3110.2 1698.04 -3149.09 -1998.28
 0 236.976 -1 90 90 3111.4 1701.06 -3149.02 -1998.26
 0 209.441 -1 90 90 3111.5 1703.94 -3148.95 -1998.19
 0 246.744 -1 90 90 3112.53 1707.16 -3148.85 -1998.16
 0 224.227 -1 90 90 3112.02 1710.2 -3148.83 -1998.09
 0 356.506 -1 90 90 3112.44 1715.03 -3148.78 -1997.99
 0 295.774 -1 90 90 3111.02 1718.81 -3148.81 -1998.08
 0 383.36 -1 90 90 3107.51 1722.65 -3148.8 -1998.15
 0 353.216 -1 90 90 3105.94 1727.18 -3148.93 -1998.14
 0 450.574 -1 90 90 3101.67 1731.53 -3148.92 -1998.1
 0 460.353 -1 90 90 3097.75 1736.37 -3149.01 -1998.13
 0 436.602 -1 90 90 3093.82 1740.79 -3148.92 -1998.21
 0 386.373 -1 90 90 3090.38 1744.75 -3148.88 -1998.18
 0 438.113 -1 90 90 3086.56 1749.28 -3148.84 -1998.13
 0 404.816 -1 90 90 3082.36 1752.82 -3148.9 -1998.08
 0 403.275 -1 90 90 3077.89 1755.97 -3148.84 -1998.04
 0 334.976 -1 90 90 3073.62 1757.57 -3148.98 -1997.97
 0 302.117 -1 90 90 3069.79 1759.07 -3148.94 -1998.03
 0 210.055 -1 90 90 3066.93 1759.48 -3148.86 -1998.1
 0 160.731 -1 90 90 3064.69 1759.48 -3148.91 -1998.11
 0 110.048 -1 90 90 3063.15 1759.27 -3148.89 -1998.17
