 14 333.564 -1 90 90 -4611.69 -87.6503 3324.63 2097.66
 14 785.17 -1 90 90 -4601.49 -90.394 3324.77 2097.46
 14 765.854 -1 90 90 -4591.57 -93.1611 3324.66 2097.69
 14 1304.19 -1 90 90 -4574.7 -97.7626 3324.73 2097.6
 14 470.474 -1 90 90 -4568.67 -99.7917 3324.74 2097.38
 14 1090.35 -1 90 90 -4582.7 -95.6609 3324.54 2097.39
 14 1364.47 -1 90 90 -4565.24 -101.064 3324.31 2097.45
 14 175.938 -1 90 90 -4563.38 -102.645 3324.26 2097.36
 14 268.076 -1 90 90 -4560.39 -104.754 3324.44 2097.54
 14 209.743 -1 90 90 -4558.61 -107.034 3324.54 2097.5
 14 252.329 -1 90 90 -4556.54 -109.795 3324.63 2097.72
 14 233.925 -1 90 90 -4556.88 -112.986 3324.54 2097.73
 14 138.531 -1 90 90 -4557.2 -114.897 3324.6 2097.41
 14 293.228 -1 90 90 -4556.97 -118.892 3324.36 2097.5
 14 149.617 -1 90 90 -4556.98 -120.977 3324.17 2097.52
 14 316.206 -1 90 90 -4555.99 -125.169 3324.38 2097.54
 14 530.719 -1 90 90 -4556.02 -132.337 3324.39 2097.64
 14 212.989 -1 90 90 -4556.82 -135.156 3324.58 2097.44
 14 387.184 -1 90 90 -4557.6 -140.35 3324.41 2097.48
 14 211.631 -1 90 90 -4558.4 -143.151 3324.46 2097.41
 14 310.916 -1 90 90 -4558.93 -147.355 3324.57 2097.45
 14 358.534 -1 90 90 -4560.02 -152.102 3324.54 2097.64
 14 238.398 -1 90 90 -4560.25 -155.363 3324.7 2097.5
 14 336.228 -1 90 90 -4560.15 -159.936 3324.69 2097.37
 14 353.088 -1 90 90 -4560.97 -164.664 3324.79 2097.29
 14 301.192 -1 90 90 -4561.7 -168.705 3324.57 2097.22
 14 320.282 -1 90 90 -4561.77 -173.066 3324.47 2097.33
 14 317.398 -1 90 90 -4561.81 -177.388 3324.67 2097.39
 14 356.12 -1 90 90 -4561.58 -182.222 3324.62 2097.49
 14 250.592 -1 90 90 -4561.21 -185.634 3324.41 2097.45
 14 407.632 -1 90 90 -4560.05 -191.036 3324.55 2097.52
 14 256.233 -1 90 90 -4560.11 -194.543 3324.36 2097.38
 14 307.295 -1 90 90 -4560.57 -198.706 3324.3 2097.53
 14 300.417 -1 90 90 -4560.43 -202.8 3324.12 2097.62
 14 316.497 -1 90 90 -4560.23 -207.106 3324.17 2097.76
 14 289.466 -1 90 90 -4561.23 -210.928 3324.43 2097.66
 14 324.792 -1 90 90 -4560.69 -215.315 3324.32 2097.41
 14 265.512 -1 90 90 -4561.48 -218.858 3324.3 2097.45
 14 279.916 -1 90 90 -4561.47 -222.681 3324.34 2097.54
 14 275.306 -1 90 90 -4561.8 -226.428 3324.41 2097.46
 14 292.552 -1 90 90 -4561.68 -230.417 3324.37 2097.39
 14 282.399 -1 90 90 -4563.41 -233.863 3324.27 2097.49
 14 325.214 -1 90 90 -4562.91 -238.262 3324.42 2097.6
 14 211.605 -1 90 90 -4563.98 -240.973 3324.61 2097.54
 14 265.079 -1 90 90 -4564.63 -244.539 3324.37 2097.58
 14 350.059 -1 90 90 -4565.44 -249.229 3324.22 2097.53
 14 282.747 -1 90 90 -4564.02 -252.822 3324.16 2097.67
 14 340.018 -1 90 90 -4562.85 -257.296 3324.23 2097.53
 14 216.372 -1 90 90 -4561.07 -259.677 3324.17 2097.46
 14 586.836 -1 90 90 -4554.25 -263.701 3324.05 2097.45
 14 430.599 -1 90 90 -4548.51 -264.703 3324.02 2097.51
 14 479.056 -1 90 90 -4542.03 -264.42 3324.27 2097.41
 14 509.403 -1 90 90 -4535.17 -264.965 3324.36 2097.23
 14 396.243 -1 90 90 -4530.32 -262.651 3324.28 2097.31
 14 457.459 -1 90 90 -4524.16 -262.03 3324.49 2097.24
 14 359.744 -1 90 90 -4519.87 -259.688 3324.56 2097.4
 14 289.626 -1 90 90 -4515.95 -259.194 3324.56 2097.43
 14 341.749 -1 90 90 -4511.92 -256.88 3324.67 2097.3
 14 357.622 -1 90 90 -4507.32 -255.328 3324.72 2097.21
 14 297.09 -1 90 90 -4503.5 -253.963 3324.74 2097.14
 14 442.296 -1 90 90 -4497.52 -253.598 3324.87 2097.21
 14 381.107 -1 90 90 -4492.4 -252.904 3324.82 2097.2
 14 461.276 -1 90 90 -4486.18 -253.483 3324.61 2097.28
 14 436.488 -1 90 90 -4480.3 -254.042 3324.79 2097.4
 14 582.971 -1 90 90 -4472.46 -254.624 3324.83 2097.49
 14 475.682 -1 90 90 -4466.03 -254.974 3324.72 2097.55
 14 592.083 -1 90 90 -4458.51 -257.652 3324.39 2097.5
 14 605.156 -1 90 90 -4450.39 -258.404 3324.22 2097.67
 14 734.428 -1 90 90 -4440.67 -260.224 3324.21 2097.77
 14 611.575 -1 90 90 -4432.5 -261.285 3324.41 2097.7
 14 648.955 -1 90 90 -4424.06 -263.584 3324.21 2097.58
 14 689.918 -1 90 90 -4414.81 -264.47 3324.11 2097.4
 14 674.768 -1 90 90 -4405.93 -266.389 3323.97 2097.46
 14 611.062 -1 90 90 -4397.69 -266.527 3324 2097.44
 14 643.525 -1 90 90 -4389.2 -268.285 3324.11 2097.47
 14 560.533 -1 90 90 -4381.72 -269.411 3324.13 2097.49
 14 510.644 -1 90 90 -4374.9 -270.488 3324.41 2097.53
 14 596.724 -1 90 90 -4366.87 -270.103 3324.34 2097.46
 14 538.258 -1 90 90 -4359.78 -271.725 3324.48 2097.55
 14 456.14 -1 90 90 -4353.7 -272.766 3324.18 2097.57
 14 528.837 -1 90 90 -4346.58 -273.396 3324.28 2097.6
 14 531.277 -1 90 90 -4339.53 -274.71 3324.22 2097.62
 14 496.644 -1 90 90 -4332.9 -275.728 3324.1 2097.71
 14 483.799 -1 90 90 -4327.09 -278.747 3324.14 2097.36
 14 396.187 -1 90 90 -4322.03 -280.538 3324.14 2097.34
 14 507.852 -1 90 90 -4315.87 -283.58 3324.32 2097.51
 14 384.085 -1 90 90 -4311.19 -285.873 3324.56 2097.51
 14 489.892 -1 90 90 -4305.43 -289.131 3324.5 2097.59
 14 457.301 -1 90 90 -4301.32 -293.761 3324.58 2097.45
 14 490.802 -1 90 90 -4296.88 -298.692 3324.58 2097.32
 14 476.047 -1 90 90 -4291.69 -302.492 3324.47 2097.25
 14 531.068 -1 90 90 -4287.29 -308.155 3324.63 2097.33
 14 527.629 -1 90 90 -4282.25 -313.201 3324.55 2097.39
 14 625.052 -1 90 90 -4277.73 -320.307 3324.35 2097.37
 14 541.561 -1 90 90 -4272.52 -325.437 3324.08 2097.39
 14 633.294 -1 90 90 -4267.79 -332.546 3323.93 2097.38
 14 554.962 -1 90 90 -4263.65 -338.787 3324.07 2097.42
 14 715.958 -1 90 90 -4257.26 -346 3323.84 2097.23
 14 666.866 -1 90 90 -4252.4 -353.556 3323.93 2097.23
 14 726.649 -1 90 90 -4246.93 -361.66 3323.98 2097.48
 14 734.831 -1 90 90 -4240.73 -369.366 3324.26 2097.37
 14 803.592 -1 90 90 -4234.9 -378.464 3324.44 2097.57
 14 756.653 -1 90 90 -4229.11 -386.837 3324.49 2097.58
 14 780.684 -1 90 90 -4223.2 -395.514 3324.43 2097.41
 14 838.201 -1 90 90 -4217.82 -405.414 3324.35 2097.63
 14 791.887 -1 90 90 -4211.6 -414.06 3324.38 2097.59
 14 902.489 -1 90 90 -4205.43 -424.496 3324.4 2097.66
 14 875.73 -1 90 90 -4198.49 -433.998 3324.51 2097.56
 14 977.052 -1 90 90 -4191.84 -445.308 3324.51 2097.51
 14 927.814 -1 90 90 -4185.44 -455.998 3324.74 2097.68
 14 933.625 -1 90 90 -4178.23 -466.26 3324.85 2097.66
 14 983.857 -1 90 90 -4171.24 -477.468 3324.9 2097.7
 14 987.812 -1 90 90 -4164.26 -488.741 3324.84 2097.79
 14 1014.26 -1 90 90 -4156.77 -500.109 3324.71 2097.73
 14 1112.03 -1 90 90 -4148.8 -512.719 3324.77 2097.64
 14 1004.34 -1 90 90 -4141.36 -523.967 3324.76 2097.6
 14 1104.61 -1 90 90 -4133.45 -536.497 3324.69 2097.51
 14 1057.18 -1 90 90 -4126.3 -548.751 3324.72 2097.48
 14 1259.56 -1 90 90 -4116.51 -562.509 3324.53 2097.56
 14 1038.67 -1 90 90 -4109.2 -574.375 3324.16 2097.59
 14 1219.71 -1 90 90 -4100.86 -588.444 3324.27 2097.74
 14 1171.06 -1 90 90 -4092.55 -601.769 3324.18 2097.41
 14 1279.27 -1 90 90 -4082.94 -615.976 3324.37 2097.54
 14 1156.31 -1 90 90 -4074.41 -628.923 3324.5 2097.55
 14 1372.15 -1 90 90 -4065.27 -644.877 3324.34 2097.61
 14 1257.75 -1 90 90 -4056.76 -659.435 3324.27 2097.7
 14 1348.02 -1 90 90 -4046.3 -674.162 3324.48 2097.46
 14 1270.81 -1 90 90 -4037.67 -688.848 3324.6 2097.41
 14 1358.12 -1 90 90 -4028.39 -704.503 3324.59 2097.38
 14 1410.26 -1 90 90 -4018.57 -720.647 3324.45 2097.33
 14 1435.43 -1 90 90 -4008.29 -736.896 3324.64 2097.44
 14 1342.49 -1 90 90 -3999.49 -752.59 3324.75 2097.1
 14 1471.55 -1 90 90 -3989.45 -769.554 3324.53 2097.28
 14 1433.55 -1 90 90 -3979.5 -785.982 3324.59 2097.33
 14 1516.86 -1 90 90 -3968.31 -802.938 3324.46 2097.5
 14 1475.51 -1 90 90 -3958.27 -819.964 3324.27 2097.38
 14 1541 -1 90 90 -3947.15 -837.348 3324.6 2097.3
 14 1473.38 -1 90 90 -3937.22 -854.403 3324.61 2097.43
 14 1589.94 -1 90 90 -3924.99 -871.829 3324.64 2097.28
 14 1462.67 -1 90 90 -3914.4 -888.313 3324.38 2097.27
 14 1601.31 -1 90 90 -3903.05 -906.509 3324.44 2097.56
 14 1540.75 -1 90 90 -3891.99 -923.929 3324.51 2097.66
 14 1477 -1 90 90 -3881.37 -940.621 3324.52 2097.77
 14 1622.19 -1 90 90 -3870.7 -959.538 3324.5 2097.67
 14 1510.49 -1 90 90 -3858.63 -975.777 3324.49 2097.64
 14 1519.6 -1 90 90 -3848.77 -993.578 3324.61 2097.72
 14 3085.95 -1 90 90 -3826.48 -1028.62 3324.77 2097.7
 14 1552.07 -1 90 90 -3837.88 -1011.25 3324.72 2097.59
 14 3020.76 -1 90 90 -3816.33 -1045.72 3324.58 2097.51
 14 2897.69 -1 90 90 -3796.26 -1079.19 3324.36 2097.56
 14 1512.07 -1 90 90 -3784.81 -1095.89 3324.21 2097.6
 14 1521.87 -1 90 90 -3772.43 -1112.09 3324.31 2097.62
 14 1413.86 -1 90 90 -3762.19 -1128.02 3324.35 2097.66
 14 1439.31 -1 90 90 -3751.3 -1143.94 3324.47 2097.59
 14 1376.61 -1 90 90 -3741.67 -1159.67 3324.21 2097.56
 14 1388 -1 90 90 -3731.92 -1175.51 3324.02 2097.71
 14 1539.47 -1 90 90 -3719.91 -1192.27 3323.96 2097.58
 14 1267.71 -1 90 90 -3711.26 -1206.9 3323.95 2097.69
 14 1316.88 -1 90 90 -3701.27 -1221.44 3324.15 2097.62
 14 1371.63 -1 90 90 -3692.58 -1237.64 3324.3 2097.7
 14 1282.18 -1 90 90 -3683.07 -1251.96 3324.47 2097.69
 14 1280.06 -1 90 90 -3673.92 -1266.47 3324.6 2097.72
 14 1262.35 -1 90 90 -3665.82 -1281.32 3324.39 2097.7
 14 1373.17 -1 90 90 -3656.26 -1297.05 3324.44 2097.73
 14 1207.53 -1 90 90 -3648.02 -1310.99 3324.42 2097.69
 14 1252.65 -1 90 90 -3638.69 -1324.95 3324.32 2097.67
 14 1161.31 -1 90 90 -3631.74 -1338.89 3324.5 2097.61
 14 1303.05 -1 90 90 -3622.28 -1353.57 3324.47 2097.67
 14 1096.45 -1 90 90 -3615.04 -1366.38 3324.52 2097.76
 14 1259.33 -1 90 90 -3605.86 -1380.54 3324.4 2097.64
 14 1161.82 -1 90 90 -3598.32 -1394.18 3324.35 2097.71
 14 1184.11 -1 90 90 -3589.97 -1407.69 3324.4 2097.46
 14 1116.75 -1 90 90 -3582.29 -1420.55 3324.37 2097.63
 14 1112.49 -1 90 90 -3574.38 -1433.21 3324.45 2097.81
 14 1139.32 -1 90 90 -3566.69 -1446.41 3324.3 2097.7
 14 1060.21 -1 90 90 -3558.94 -1458.34 3324.23 2097.75
 14 1211.42 -1 90 90 -3551.12 -1472.58 3324.44 2097.76
 14 976.031 -1 90 90 -3545.54 -1484.43 3324.25 2097.55
 14 1059.59 -1 90 90 -3537.97 -1496.47 3324.1 2097.53
 14 1045.96 -1 90 90 -3530.62 -1508.43 3324.39 2097.46
 14 1010.03 -1 90 90 -3523.1 -1519.71 3324.46 2097.45
 14 1034.92 -1 90 90 -3516.96 -1532.17 3324.34 2097.58
 14 957.576 -1 90 90 -3510.49 -1543.28 3324.55 2097.56
 14 960.046 -1 90 90 -3504.14 -1554.5 3324.33 2097.49
 14 870.11 -1 90 90 -3498.43 -1564.71 3324.4 2097.62
 14 997.128 -1 90 90 -3492.25 -1576.58 3324.37 2097.67
 14 871.693 -1 90 90 -3485.19 -1585.93 3324.36 2097.77
 14 932.274 -1 90 90 -3479.82 -1597.24 3324.73 2097.6
 14 858.998 -1 90 90 -3472.86 -1606.45 3324.6 2097.46
 14 844.054 -1 90 90 -3467.64 -1616.52 3324.96 2097.33
 14 820.511 -1 90 90 -3463.99 -1626.93 3324.75 2097.43
 14 774.603 -1 90 90 -3458.53 -1635.81 3324.68 2097.66
 14 865.512 -1 90 90 -3451.75 -1645.25 3324.72 2097.81
 14 771.298 -1 90 90 -3447.21 -1654.58 3324.78 2097.81
 14 849.78 -1 90 90 -3442.51 -1664.99 3324.87 2097.83
 14 699.413 -1 90 90 -3438.5 -1673.51 3324.72 2097.44
 14 742.135 -1 90 90 -3432.02 -1681.11 3324.45 2097.69
 14 713.77 -1 90 90 -3427.34 -1689.51 3324.53 2097.71
 14 705.25 -1 90 90 -3423.31 -1698.1 3324.67 2097.69
 14 717.267 -1 90 90 -3419.55 -1706.99 3324.54 2097.67
 14 673.898 -1 90 90 -3414.88 -1714.77 3324.53 2097.73
 14 684.83 -1 90 90 -3410.77 -1723.03 3324.53 2097.65
 14 620.421 -1 90 90 -3406.28 -1730.09 3324.47 2097.61
 14 677.746 -1 90 90 -3402.16 -1738.23 3324.37 2097.6
 14 657.471 -1 90 90 -3398.76 -1746.41 3324.38 2097.43
 14 591.32 -1 90 90 -3395.96 -1753.88 3324.56 2097.24
 14 560.536 -1 90 90 -3392.06 -1760.36 3324.53 2097.3
 14 599.784 -1 90 90 -3387.01 -1766.67 3324.4 2097.5
 14 590.703 -1 90 90 -3385.05 -1774.4 3324.33 2097.46
 14 513.611 -1 90 90 -3382.18 -1780.71 3324.27 2097.69
 14 599.124 -1 90 90 -3377.79 -1787.49 3324.2 2097.66
 14 426.38 -1 90 90 -3375.06 -1792.59 3324.17 2097.62
 14 596.251 -1 90 90 -3370.45 -1799.17 3324.14 2097.61
 14 416.682 -1 90 90 -3368.93 -1804.61 3324.46 2097.55
 14 0 -1 90 90 -3368.93 -1804.61 3324.57 2097.58
 14 462.384 -1 90 90 -3363.88 -1816.06 3324.45 2097.66
 14 440.808 -1 90 90 -3358.45 -1818.55 3324.38 2097.6
 14 449.408 -1 90 90 -3353.68 -1822.32 3324.3 2097.47
 14 362.847 -1 90 90 -3349.35 -1824.67 3324.47 2097.41
 14 568.951 -1 90 90 -3342.6 -1828.32 3324.12 2097.36
 14 483.73 -1 90 90 -3336.49 -1830.67 3324.21 2097.34
 14 650.127 -1 90 90 -3327.88 -1832.25 3324.27 2097.44
 14 679.367 -1 90 90 -3319.1 -1834.84 3324.29 2097.61
 14 709.443 -1 90 90 -3309.85 -1837.21 3324.48 2097.6
 14 710.777 -1 90 90 -3300.93 -1840.67 3324.35 2097.56
 14 690.719 -1 90 90 -3292.35 -1844.26 3324.47 2097.7
 14 726.851 -1 90 90 -3282.89 -1846.74 3324.45 2097.65
 14 598.015 -1 90 90 -3275.36 -1849.63 3324.5 2097.74
 14 706.421 -1 90 90 -3266.52 -1853.15 3324.5 2097.7
 14 611.82 -1 90 90 -3258.59 -1855.43 3324.52 2097.61
 14 631.886 -1 90 90 -3250.49 -1858.05 3324.42 2097.55
 14 553.181 -1 90 90 -3243.26 -1859.89 3324.46 2097.74
 14 493.45 -1 90 90 -3236.63 -1860.7 3324.46 2097.71
 14 480.519 -1 90 90 -3230.16 -1861.28 3324.45 2097.85
 14 503.974 -1 90 90 -3223.65 -1859.28 3324.33 2097.88
 14 313.614 -1 90 90 -3219.59 -1857.96 3324.34 2097.75
 14 311.086 -1 90 90 -3215.95 -1855.78 3324.23 2097.81
 14 202.007 -1 90 90 -3213.31 -1854.9 3324.23 2097.78
 14 119.642 -1 90 90 -3211.94 -1853.92 3324 2097.62
 14 0 -1 90 90 -3211.57 -1853.19 3324.18 2097.59
 14 0 -1 90 90 -3211.06 -1852.65 3324.35 2097.73
 14 0 -1 90 90 -3211.23 -1853.45 3324.14 2097.78
 14 112.84 -1 90 90 -3212.8 -1853.74 3324.26 2097.89
 14 103.66 -1 90 90 -3214.25 -1853.98 3324.18 2098.01
 14 99.5035 -1 90 90 -3215.66 -1853.8 3324.11 2097.98
 14 0 -1 90 90 -3216.22 -1854.29 3324.26 2097.82
 14 121.219 -1 90 90 -3217.92 -1854.17 3324.33 2097.64
 14 0 -1 90 90 -3218.25 -1853.73 3324.41 2097.62
 14 124.143 -1 90 90 -3219.97 -1853.41 3324.35 2097.89
