 6 0 -1 85 85 -2890.23 -1650.68 -2972.69 -1700.48
 6 0 -1 85 85 -2889.8 -1650.87 -2972.59 -1700.42
 6 0 -1 85 85 -2889.99 -1650.66 -2972.5 -1702.13
 6 1350.35 -1 85 85 -2872 -1648.63 -2972.66 -1704.56
 6 3507.85 -1 85 85 -2825.5 -1640.82 -2972.9 -1707.74
 6 3533.99 -1 85 85 -2773.44 -1630.03 -2973.24 -1711.91
 6 3566.98 -1 85 85 -2723.52 -1619.56 -2973.59 -1715.24
 6 3629.93 -1 85 85 -2667.62 -1607.32 -2973.63 -1718.27
 6 3720.52 -1 85 85 -2609.51 -1593.49 -2973.54 -1715.09
 6 4089.73 -1 85 85 -2493 -1562.98 -2973.42 -1718.61
 6 4378.64 -1 85 85 -2431.43 -1547.88 -2973.31 -1722.49
 6 4613.1 -1 85 85 -2366.93 -1527.92 -2973.5 -1726.93
 6 4786.25 -1 85 85 -2304.33 -1510.73 -2974.12 -1738.36
 6 4947.88 -1 85 85 -2233.55 -1488.19 -2974.71 -1744.41
 6 5055.75 -1 85 85 -2170.82 -1468.09 -2975.63 -1750.94
 6 5149.79 -1 85 85 -2102.02 -1445.15 -2976.51 -1756.72
 6 5236.31 -1 85 85 -2031.67 -1421.65 -2977.7 -1763.3
 6 5306.51 -1 85 85 -1963.27 -1396.6 -2978.99 -1769.26
 6 5387.02 -1 85 85 -1889.98 -1367.86 -2981.08 -1764.47
 6 5456.52 -1 85 85 -1818.42 -1343.97 -2982.85 -1771.59
 6 5531.39 -1 85 85 -1744.65 -1314.32 -2984.63 -1777.88
 6 5602.1 -1 85 85 -1671.44 -1285.67 -2986.24 -1786.38
 6 5678.07 -1 85 85 -1596.45 -1253.76 -2987.91 -1804.78
 6 5766.46 -1 85 85 -1519.13 -1219.61 -2989.8 -1812.03
 6 6195.58 -1 85 85 -1371.23 -1154.45 -2991.93 -1822.11
 6 6491.49 -1 85 85 -1294.55 -1120.91 -2993.47 -1830.59
 6 5589.05 -1 85 85 -1445.56 -1188.55 -2993.9 -1829.24
 6 4646.32 -1 85 85 -1445.56 -1188.55 -2995.18 -1835.71
 6 5181.65 -1 85 85 -1145.47 -1047.36 -2996.09 -1842.78
 6 5994.8 -1 85 85 -991.591 -970.698 -2996.98 -1851.64
 6 6544.69 -1 85 85 -921.39 -933.778 -2997.17 -1860.48
 6 6910.94 -1 85 85 -846.057 -892.808 -2996.68 -1867.64
 6 7099.34 -1 85 85 -777.586 -854.168 -2995.88 -1873.09
 6 7178.1 -1 85 85 -704.773 -812.797 -2995.34 -1877.12
 6 7186.26 -1 85 85 -631.375 -768.293 -2995.04 -1880.32
 6 7092.45 -1 85 85 -567.903 -731.309 -2994.15 -1883.3
 6 6980.7 -1 85 85 -495.391 -688.933 -2993.41 -1885.26
 6 6823.98 -1 85 85 -431.703 -649.153 -2992.39 -1887.07
 6 6661.83 -1 85 85 -365.745 -606.015 -2990.97 -1887.98
 6 6480.96 -1 85 85 -304.21 -566.552 -2989.73 -1888.17
 6 6299.74 -1 85 85 -243.994 -524.088 -2988.47 -1887.81
 6 6126.72 -1 85 85 -184.546 -481.493 -2987.38 -1886.94
 6 5955.55 -1 85 85 -127.725 -440.821 -2986.58 -1885.87
 6 5791.83 -1 85 85 -71.8273 -400.394 -2986.02 -1884.74
 6 5622.41 -1 85 85 -19.9738 -362.331 -2985.61 -1883.64
 6 5463.55 -1 85 85 30.8006 -320.861 -2985.34 -1882.45
 6 5307.79 -1 85 85 79.1506 -281.439 -2985.16 -1881.3
 6 5149.76 -1 85 85 124.739 -243.554 -2985.22 -1880.51
 6 5006.24 -1 85 85 170.581 -203.477 -2985.35 -1879.92
 6 4849.07 -1 85 85 211.212 -168.703 -2985.45 -1879.37
 6 4706.16 -1 85 85 252.124 -129.009 -2985.78 -1878.98
 6 4555.2 -1 85 85 288.016 -92.7988 -2985.79 -1878.61
 6 4403.1 -1 85 85 323.95 -58.3706 -2986.04 -1878.48
 6 4255.08 -1 85 85 357.447 -22.5787 -2985.91 -1878.35
 6 4094.03 -1 85 85 386.4 9.75649 -2985.74 -1878.33
 6 3941.01 -1 85 85 415.642 44.1646 -2985.48 -1878.44
 6 3779.24 -1 85 85 441.38 74.4319 -2985.39 -1878.51
 6 3623.76 -1 85 85 466.02 106.605 -2985.14 -1878.71
 6 3464.66 -1 85 85 486.764 136.934 -2984.75 -1878.75
 6 3317.56 -1 85 85 509.371 166.97 -2984.54 -1879.02
 6 3165.19 -1 85 85 526.104 195.348 -2984.36 -1879.2
 6 3015.1 -1 85 85 541.997 223.269 -2984.6 -1879.4
 6 2863.1 -1 85 85 556.018 248.897 -2984.75 -1879.63
 6 2507.22 -1 85 85 482.201 272.139 -2984.42 -1879.97
 6 2366.45 -1 85 85 525.565 300.262 -2984.23 -1880.22
 6 2290.47 -1 85 85 564.162 325.203 -2984.07 -1880.78
 6 2273.61 -1 85 85 603.495 349.758 -2983.78 -1881.4
 6 2271.83 -1 85 85 633.289 370.035 -2983.65 -1881.97
 6 2289.78 -1 85 85 667.306 387.808 -2983.42 -1882.67
 6 2319.46 -1 85 85 696.25 406.367 -2983.03 -1883.23
 6 2280.12 -1 85 85 696.183 426.958 -2982.45 -1883.62
 6 2232.15 -1 85 85 714.951 444.182 -2982.09 -1883.85
 6 2185.6 -1 85 85 734.376 462.214 -2981.68 -1884.12
 6 2145.33 -1 85 85 754.501 480.421 -2981.36 -1884.41
 6 2113.59 -1 85 85 775.785 498.09 -2980.95 -1884.65
 6 2091.13 -1 85 85 797.413 515.896 -2980.7 -1884.9
 6 2076.97 -1 85 85 818.752 534.242 -2980.59 -1885.02
 6 2074.09 -1 85 85 842.313 551.756 -2980.32 -1885.29
 6 2081.62 -1 85 85 866.381 569.509 -2980.08 -1885.61
 6 2090.91 -1 85 85 889.441 586.687 -2979.76 -1886.1
 6 2108.8 -1 85 85 914.886 603.778 -2979.51 -1886.66
 6 2267.25 -1 85 85 965.97 638.316 -2979.42 -1887.01
 6 2378.73 -1 85 85 992.302 654.895 -2979.31 -1887.49
 6 2455.36 -1 85 85 1019.53 671.636 -2979.29 -1887.96
 6 2490.28 -1 85 85 1045.65 688.076 -2979.22 -1888.02
 6 2498.81 -1 85 85 1073.68 702.904 -2979.04 -1888.06
 6 2504.58 -1 85 85 1101.23 718.425 -2979.02 -1888.32
 6 2500.76 -1 85 85 1129.58 733.345 -2978.82 -1888.5
 6 2495.89 -1 85 85 1157.11 747.961 -2978.57 -1888.68
 6 2492.77 -1 85 85 1185.71 762.211 -2978.53 -1888.73
 6 2472.62 -1 85 85 1213.9 775.767 -2978.45 -1888.81
 6 2453.09 -1 85 85 1242.84 788.862 -2978.27 -1888.97
 6 2434.68 -1 85 85 1271.56 802.074 -2978.29 -1889.14
 6 2416.76 -1 85 85 1300.12 814.87 -2978.2 -1889.2
 6 2396 -1 85 85 1328.56 825.708 -2978.17 -1889.17
 6 2376.38 -1 85 85 1356.78 837.882 -2978.25 -1889.12
 6 2356.99 -1 85 85 1384.75 849.681 -2978.17 -1889.11
 6 2333.4 -1 85 85 1412.44 859.038 -2977.98 -1889.05
 6 2312.74 -1 85 85 1440.99 868.818 -2977.91 -1889.08
 6 2290.9 -1 85 85 1468.52 878.332 -2977.82 -1889.22
 6 2269.76 -1 85 85 1496.57 886.649 -2977.72 -1889.52
 6 2256.88 -1 85 85 1524.21 900.123 -2977.61 -1889.85
 6 2410.31 -1 85 85 1579.69 942.388 -2977.7 -1890.19
 6 2500.74 -1 85 85 1607.44 962.981 -2977.6 -1890.88
 6 2583.45 -1 85 85 1635.59 984.414 -2977.44 -1891.13
 6 2641.71 -1 85 85 1664.46 1004.39 -2977.46 -1891.6
 6 2677.53 -1 85 85 1693.21 1023.46 -2977.56 -1891.68
 6 2695.81 -1 85 85 1721.7 1042.98 -2977.58 -1891.88
 6 2700.55 -1 85 85 1750.24 1062.24 -2977.4 -1892.22
 6 2698.66 -1 85 85 1779.77 1081.25 -2977.44 -1892.1
 6 2686.12 -1 85 85 1808.59 1098.83 -2977.5 -1892.34
 6 2669.56 -1 85 85 1837.83 1116.89 -2977.35 -1892.54
 6 2648.23 -1 85 85 1867.08 1133.71 -2977.2 -1892.77
 6 2620.86 -1 85 85 1895.21 1150.57 -2976.93 -1893.15
 6 2592.63 -1 85 85 1924.54 1166.24 -2976.74 -1893.34
 6 2556.91 -1 85 85 1952.42 1180.47 -2976.61 -1893.5
 6 2520.33 -1 85 85 1980.48 1195.26 -2976.5 -1893.55
 6 2493.74 -1 85 85 2008.54 1209.8 -2976.48 -1893.6
 6 2470.46 -1 85 85 2036.26 1223.06 -2976.51 -1893.79
 6 2431.25 -1 85 85 2063.1 1235.94 -2976.36 -1893.92
 6 2403.77 -1 85 85 2091.15 1251.92 -2976.43 -1894.07
 6 2396.93 -1 85 85 2119.42 1272.81 -2976.28 -1894.07
 6 2398.94 -1 85 85 2147.65 1291.12 -2976.39 -1894.11
 6 2405.35 -1 85 85 2175.41 1309.5 -2976.44 -1894.23
 6 2418.86 -1 85 85 2204.21 1328.05 -2976.48 -1894.22
 6 2430.14 -1 85 85 2231.48 1346.35 -2976.47 -1894.09
 6 2436.76 -1 85 85 2259.4 1362.44 -2976.58 -1893.95
 6 2439.79 -1 85 85 2287.43 1378.4 -2976.5 -1893.95
 6 2434.19 -1 85 85 2313.92 1394.24 -2976.44 -1893.9
 6 2425.63 -1 85 85 2341.03 1410.22 -2976.43 -1893.8
 6 2407.27 -1 85 85 2367.52 1423.55 -2976.44 -1893.75
 6 2389.88 -1 85 85 2394.48 1439.01 -2976.43 -1893.8
 6 2380.28 -1 85 85 2421.73 1456.7 -2976.3 -1893.92
 6 2379.3 -1 85 85 2449.3 1475.09 -2976.37 -1893.97
 6 2385.65 -1 85 85 2477.96 1492.27 -2976.31 -1893.9
 6 2386.33 -1 85 85 2504.36 1508.65 -2976.23 -1894.02
 6 2384.52 -1 85 85 2531.85 1523.85 -2976.29 -1894.16
 6 2374.72 -1 85 85 2557.27 1539.65 -2976.14 -1894.23
 6 2362.88 -1 85 85 2583.78 1554.89 -2976.04 -1894.33
 6 2358.47 -1 85 85 2611.73 1571.34 -2975.94 -1894.34
 6 2359.74 -1 85 85 2638.96 1589.15 -2976.01 -1894.29
 6 2362.24 -1 85 85 2666.28 1605.67 -2976.08 -1894.36
 6 2360.51 -1 85 85 2692.54 1621.78 -2976.14 -1894.55
 6 2351.65 -1 85 85 2718.72 1636.1 -2976.19 -1894.54
 6 2338.45 -1 85 85 2744.82 1650.53 -2976 -1894.69
 6 2332.11 -1 85 85 2772.06 1667.09 -2975.74 -1894.68
 6 2327.3 -1 85 85 2798.3 1683.75 -2975.7 -1894.72
 6 2327.64 -1 85 85 2826.21 1699.32 -2975.72 -1894.81
 6 2322.65 -1 85 85 2852.13 1714.3 -2975.67 -1894.46
 6 2314.02 -1 85 85 2878.21 1728.86 -2975.66 -1894.51
 6 2301.6 -1 85 85 2903.11 1744.62 -2975.62 -1894.72
 6 2299.31 -1 85 85 2930.82 1760.99 -2975.61 -1894.84
 6 2293.16 -1 85 85 2956.68 1775.62 -2975.59 -1895
 6 2286.51 -1 85 85 2982.5 1791.1 -2975.58 -1894.95
 6 2277.64 -1 85 85 3008.49 1805.26 -2975.73 -1895.13
 6 2272.5 -1 85 85 3034.51 1821.51 -2975.92 -1895.21
 6 2262.54 -1 85 85 3059.94 1835.31 -2975.68 -1895.15
 6 2254.95 -1 85 85 3085.84 1850.6 -2975.71 -1895.18
 6 2250.24 -1 85 85 3111.89 1865.99 -2975.64 -1895.2
 6 2243.24 -1 85 85 3137.01 1880.95 -2975.61 -1895.38
 6 2236.09 -1 85 85 3162.78 1895.23 -2975.5 -1895.45
 6 2227.78 -1 85 85 3188.16 1909.51 -2975.43 -1895.53
 6 2220.11 -1 85 85 3213.37 1924.52 -2975.17 -1895.64
 6 2209.75 -1 85 85 3238.07 1938.76 -2974.94 -1895.58
 6 2175.64 -1 85 85 3262.9 1953.94 -2974.94 -1895.66
 6 954.097 -1 85 85 3269.59 1964.87 -2974.94 -1895.83
 6 1055.17 -1 85 85 3257.11 1971.56 -2975.17 -1895.8
 6 989.109 -1 85 85 3245.09 1977.21 -2975.25 -1896
 6 1126.9 -1 85 85 3231.16 1983.08 -2975.17 -1895.98
 6 1011.05 -1 85 85 3217.91 1986.01 -2975.14 -1896.21
 6 1140.72 -1 85 85 3203.08 1989.77 -2974.87 -1896.34
 6 1168.71 -1 85 85 3187.51 1991.63 -2974.79 -1896.36
 6 1262.44 -1 85 85 3170.68 1993.43 -2974.67 -1896.48
 6 1258.57 -1 85 85 3154.68 1994.65 -2974.68 -1896.68
 6 1260.47 -1 85 85 3136.6 1993.7 -2974.62 -1896.86
 6 1259.41 -1 85 85 3120.2 1993.67 -2974.35 -1897.06
 6 1223.28 -1 85 85 3111.82 1998.88 -2974.18 -1897.19
 6 1163.89 -1 85 85 3104 2005.37 -2974.11 -1897.13
 6 1087.99 -1 85 85 3097.52 2012.03 -2974.18 -1897.28
 6 1014.12 -1 85 85 3089.18 2017.22 -2974.26 -1897.23
 6 950.425 -1 85 85 3079.7 2021.16 -2974.38 -1897.04
 6 893.284 -1 85 85 3071.1 2024.79 -2974.26 -1897.04
 6 849.363 -1 85 85 3060.92 2027.83 -2974.2 -1897.07
 6 815.066 -1 85 85 3051.45 2031.85 -2974.25 -1897.1
 6 790.016 -1 85 85 3042.67 2038.05 -2974.32 -1897.17
 6 772.083 -1 85 85 3033.73 2043.26 -2974.23 -1897.31
 6 760.433 -1 85 85 3024.57 2048.17 -2974.12 -1897.3
 6 753.504 -1 85 85 3013.99 2050.28 -2974.21 -1897.28
 6 750.779 -1 85 85 3003.86 2053.67 -2974.19 -1897.25
 6 746.61 -1 85 85 2995.95 2059.29 -2974.23 -1897.15
 6 744.234 -1 85 85 2987.57 2065.21 -2974.21 -1897.19
 6 742.963 -1 85 85 2978.47 2069.56 -2974.26 -1897.18
 6 740.345 -1 85 85 2970.48 2074.97 -2974.29 -1897.14
 6 737.657 -1 85 85 2961.87 2079.53 -2974.17 -1897.23
 6 738.408 -1 85 85 2952.75 2084.75 -2974.18 -1897.16
 6 737.379 -1 85 85 2944.51 2089.64 -2974.11 -1897.16
 6 739.183 -1 85 85 2935.44 2094.91 -2974.1 -1897.27
 6 740.194 -1 85 85 2926.55 2099.3 -2974.12 -1897.11
 6 738.176 -1 85 85 2918.51 2104.07 -2974.15 -1897.17
 6 736.11 -1 85 85 2910.84 2110.34 -2974.2 -1897.12
 6 735.151 -1 85 85 2902.02 2115.06 -2974.21 -1897.05
 6 733.534 -1 85 85 2893.82 2120.19 -2974.18 -1897.14
 6 727.821 -1 85 85 2886.13 2124.5 -2974.19 -1897.27
 6 723.407 -1 85 85 2878.06 2129.86 -2974.25 -1897.13
 6 717.083 -1 85 85 2870.28 2134.34 -2974.21 -1897.11
 6 713.408 -1 85 85 2862.13 2139.8 -2974.28 -1897.12
 6 704.758 -1 85 85 2854.53 2143.09 -2974.34 -1897.18
 6 698.829 -1 85 85 2846.5 2148.12 -2974.37 -1897.15
 6 1424.46 -1 85 85 2830.67 2158.78 -2974.22 -1897.25
 6 621.531 -1 85 85 2824.11 2163.98 -2974.25 -1897.23
 6 697.559 -1 85 85 2815.78 2168.34 -2974.36 -1897.39
 6 620.036 -1 85 85 2808.86 2173.02 -2974.43 -1897.31
 6 610.689 -1 85 85 2801.51 2176.74 -2974.25 -1897.39
 6 700.104 -1 85 85 2794.12 2182.58 -2974.31 -1897.35
 6 614.524 -1 85 85 2787.71 2187.83 -2974.32 -1897.36
 6 678.092 -1 85 85 2780.12 2192.91 -2974.24 -1897.27
 6 557.894 -1 85 85 2773.74 2196.91 -2974.2 -1897.37
 6 659.545 -1 85 85 2766.68 2202.31 -2974.16 -1897.44
 6 594.563 -1 85 85 2759.78 2206.38 -2974.06 -1897.37
 6 635.821 -1 85 85 2752.47 2210.86 -2974.18 -1897.38
 6 673.348 -1 85 85 2745.33 2216.45 -2974.15 -1897.42
 6 578.928 -1 85 85 2738.95 2220.95 -2974.07 -1897.31
 6 619.883 -1 85 85 2732.74 2226.54 -2974.23 -1897.32
 6 602.529 -1 85 85 2726.45 2231.69 -2974.28 -1897.32
 6 601.01 -1 85 85 2719.43 2235.73 -2974.38 -1897.36
 6 550.479 -1 85 85 2713.17 2239.73 -2974.38 -1897.3
 6 1767.25 -1 85 85 2694.44 2254.19 -2974.34 -1897.24
 6 1695.37 -1 85 85 2688.3 2258.06 -2974.36 -1897.28
 6 1578.18 -1 85 85 2682.37 2262.03 -2974.42 -1897.44
 6 1437.67 -1 85 85 2676.76 2266.66 -2974.14 -1897.55
 6 1291.23 -1 85 85 2670.34 2270.91 -2974.17 -1897.49
 6 1148.16 -1 85 85 2663.89 2274.66 -2974.11 -1897.46
 6 1014.72 -1 85 85 2658.4 2279.3 -2974.25 -1897.48
 6 899.297 -1 85 85 2651.78 2283.85 -2974.25 -1897.43
 6 797.559 -1 85 85 2646.7 2288.42 -2974.14 -1897.51
 6 717.354 -1 85 85 2640.05 2293.28 -2974.16 -1897.53
 6 650.108 -1 85 85 2635.27 2298.22 -2974.21 -1897.6
 6 596.72 -1 85 85 2629.71 2302.5 -2974.2 -1897.4
 6 554.677 -1 85 85 2624.42 2306.7 -2974.2 -1897.26
 6 523.049 -1 85 85 2618.39 2310.01 -2974.42 -1897.24
 6 504.696 -1 85 85 2612.35 2314.95 -2974.26 -1897.26
 6 492.442 -1 85 85 2607.18 2319.51 -2974.4 -1897.23
 6 485.947 -1 85 85 2601.82 2324.15 -2974.24 -1897.24
 6 476.325 -1 85 85 2597 2326.73 -2974.38 -1897.26
 6 473.931 -1 85 85 2591.09 2331.16 -2974.33 -1897.21
 6 473.184 -1 85 85 2585.54 2334.78 -2974.32 -1897.29
 6 473.465 -1 85 85 2580.14 2338.54 -2974.23 -1897.29
 6 475.642 -1 85 85 2574.63 2342.62 -2974.25 -1897.45
 6 475.053 -1 85 85 2569.44 2345.62 -2974.19 -1897.41
 6 478.56 -1 85 85 2563.91 2350.45 -2974.03 -1897.3
 6 477.954 -1 85 85 2558.87 2353.35 -2974.18 -1897.32
 6 479.894 -1 85 85 2553.12 2357.34 -2974.26 -1897.3
 6 479.187 -1 85 85 2548.43 2361.15 -2974.37 -1897.43
 6 480.658 -1 85 85 2542.22 2364.35 -2974.38 -1897.41
 6 478.751 -1 85 85 2537.54 2367.84 -2974.4 -1897.55
 6 477.192 -1 85 85 2532.88 2372.37 -2974.37 -1897.47
 6 476.798 -1 85 85 2527.03 2375.54 -2974.36 -1897.46
 6 470.199 -1 85 85 2522.84 2378.26 -2974.39 -1897.31
 6 460.091 -1 85 85 2518.27 2380.58 -2974.37 -1897.36
 6 457.087 -1 85 85 2512.37 2384.54 -2974.39 -1897.37
 6 452.049 -1 85 85 2508.09 2388.03 -2974.33 -1897.39
 6 448.833 -1 85 85 2502.82 2391.26 -2974.27 -1897.4
 6 444.441 -1 85 85 2497.85 2393.85 -2974.3 -1897.32
 6 441.17 -1 85 85 2492.61 2396.7 -2974.08 -1897.27
 6 433.87 -1 85 85 2488.66 2399.45 -2974.07 -1897.33
 6 424.914 -1 85 85 2484.67 2402.42 -2974.25 -1897.41
 6 417.995 -1 85 85 2480.03 2405.5 -2974.29 -1897.39
 6 410.957 -1 85 85 2475.65 2408.18 -2974.34 -1897.35
 6 404.886 -1 85 85 2471.03 2410.75 -2974.48 -1897.39
 6 399.224 -1 85 85 2466.86 2413.79 -2974.41 -1897.38
 6 393.29 -1 85 85 2462.7 2416.44 -2974.44 -1897.36
 6 389.427 -1 85 85 2458.15 2419.31 -2974.34 -1897.21
 6 389.278 -1 85 85 2453.18 2422.4 -2974.35 -1897.31
 6 385.717 -1 85 85 2449.65 2425.22 -2974.3 -1897.2
 6 380.873 -1 85 85 2445.87 2427.98 -2974.29 -1897.11
 6 378.235 -1 85 85 2441.35 2430.79 -2974.31 -1897.14
 6 373.668 -1 85 85 2437.93 2433.77 -2974.25 -1897.29
 6 368.533 -1 85 85 2434.6 2437.06 -2974.25 -1897.25
 6 365.884 -1 85 85 2430.52 2440.26 -2974.27 -1897.39
 6 363.808 -1 85 85 2426.91 2443.62 -2974.22 -1897.39
 6 359.873 -1 85 85 2423.08 2445.77 -2974.31 -1897.37
 6 352.849 -1 85 85 2419.72 2447.79 -2974.34 -1897.44
 6 344.239 -1 85 85 2417.19 2450.93 -2974.31 -1897.56
 6 337.241 -1 85 85 2413.17 2452.95 -2974.27 -1897.54
 6 331.104 -1 85 85 2409.69 2455.44 -2974.44 -1897.56
 6 327.847 -1 85 85 2405.89 2458.24 -2974.46 -1897.46
 6 324.017 -1 85 85 2402.65 2460.74 -2974.42 -1897.42
 6 320.093 -1 85 85 2399.41 2463.26 -2974.36 -1897.27
 6 313.81 -1 85 85 2396.24 2464.93 -2974.47 -1897.26
 6 309.621 -1 85 85 2393.04 2467.82 -2974.51 -1897.21
 6 306.406 -1 85 85 2389.86 2470.48 -2974.31 -1897.17
 6 300.925 -1 85 85 2387.37 2472.86 -2974.36 -1897.29
 6 293.251 -1 85 85 2384.29 2474.1 -2974.34 -1897.28
 6 284.508 -1 85 85 2381.5 2475.7 -2974.35 -1897.31
 6 286.268 -1 85 85 2378.22 2477.83 -2974.38 -1897.4
 6 214.706 -1 85 85 2375.71 2479.38 -2974.31 -1897.33
 6 255.395 -1 85 85 2373.07 2481.67 -2974.2 -1897.28
 6 229.767 -1 85 85 2370.29 2483.16 -2974.29 -1897.44
 6 199.414 -1 85 85 2367.75 2484.21 -2974.21 -1897.4
 6 227.676 -1 85 85 2364.89 2485.47 -2974.23 -1897.52
 6 210.391 -1 85 85 2362.6 2487.25 -2974.26 -1897.37
 6 171.72 -1 85 85 2360.5 2488.36 -2974.19 -1897.38
 6 222.089 -1 85 85 2357.65 2489.46 -2974.33 -1897.31
 6 176.146 -1 85 85 2355.66 2490.86 -2974.45 -1897.42
 6 213.321 -1 85 85 2353.03 2492.16 -2974.45 -1897.41
 6 198.323 -1 85 85 2350.53 2493.28 -2974.5 -1897.34
 6 203.376 -1 85 85 2348.06 2494.61 -2974.42 -1897.36
 6 266.635 -1 85 85 2345.1 2496.73 -2974.42 -1897.37
 6 206.274 -1 85 85 2342.54 2497.97 -2974.44 -1897.25
 6 175.471 -1 85 85 2340.29 2498.9 -2974.4 -1897.29
 6 190.229 -1 85 85 2338.21 2500.49 -2974.49 -1897.29
 6 196.928 -1 85 85 2335.69 2501.51 -2974.4 -1897.32
 6 261.954 -1 85 85 2332.41 2502.96 -2974.42 -1897.39
 6 338.362 -1 85 85 2328.12 2504.63 -2974.35 -1897.38
 6 292.566 -1 85 85 2324.41 2506.08 -2974.33 -1897.38
 6 556.49 -1 85 85 2319.41 2511.7 -2974.25 -1897.33
 6 538.816 -1 85 85 2313.45 2515.86 -2974.29 -1897.34
 6 417.594 -1 85 85 2308.02 2517.47 -2974.31 -1897.26
 6 409.069 -1 85 85 2303.61 2520.83 -2974.37 -1897.3
 6 299.511 -1 85 85 2299.76 2522.2 -2974.46 -1897.15
 6 288.777 -1 85 85 2295.82 2522.12 -2974.5 -1897.19
 6 307.077 -1 85 85 2291.74 2523.05 -2974.52 -1897.22
 6 456.957 -1 85 85 2285.86 2521.14 -2974.4 -1897.22
 6 323.899 -1 85 85 2282.29 2518.56 -2974.36 -1897.3
 6 359.229 -1 85 85 2277.6 2517.19 -2974.35 -1897.37
 6 262.959 -1 85 85 2275.72 2514.13 -2974.38 -1897.42
 6 583.747 -1 85 85 2273.37 2506.61 -2974.35 -1897.31
 6 440.802 -1 85 85 2271.31 2501.01 -2974.33 -1897.33
 6 624.994 -1 85 85 2271.8 2492.6 -2974.27 -1897.39
 6 608.397 -1 85 85 2273.65 2484.61 -2974.34 -1897.56
 6 608.47 -1 85 85 2275.07 2476.53 -2974.38 -1897.54
 6 598.406 -1 85 85 2278.99 2469.47 -2974.24 -1897.53
 6 596.822 -1 85 85 2282.48 2462.22 -2974.37 -1897.47
 6 584.111 -1 85 85 2286.97 2455.75 -2974.45 -1897.3
 6 661.898 -1 85 85 2292.5 2448.75 -2974.32 -1897.29
 6 696.857 -1 85 85 2297.96 2441.13 -2974.25 -1897.33
 6 685.709 -1 85 85 2305.2 2435.39 -2974.29 -1897.37
 6 626.719 -1 85 85 2311.89 2430.24 -2974.42 -1897.33
 6 632.853 -1 85 85 2319 2425.52 -2974.36 -1897.32
 6 695.46 -1 85 85 2327.05 2420.74 -2974.35 -1897.22
 6 723.763 -1 85 85 2335.1 2415.25 -2974.28 -1897.41
 6 719.662 -1 85 85 2344.07 2411.6 -2974.3 -1897.32
 6 597.753 -1 85 85 2351.56 2408.63 -2974.34 -1897.33
 6 579.309 -1 85 85 2358.7 2405.44 -2974.35 -1897.35
 6 662.811 -1 85 85 2366.92 2401.97 -2974.33 -1897.36
 6 623.604 -1 85 85 2374.07 2397.55 -2974.35 -1897.41
 6 670.08 -1 85 85 2382.35 2393.96 -2974.27 -1897.38
 6 618.744 -1 85 85 2389.77 2390.14 -2974.19 -1897.47
 6 587.559 -1 85 85 2396.2 2385.51 -2974.15 -1897.49
 6 658.011 -1 85 85 2404.03 2381.35 -2974.15 -1897.53
 6 738.077 -1 85 85 2412.39 2375.99 -2974.14 -1897.46
 6 731.501 -1 85 85 2421.36 2371.93 -2974.19 -1897.4
 6 767.983 -1 85 85 2430.05 2366.36 -2974.22 -1897.33
 6 734.017 -1 85 85 2438.41 2361.09 -2974.43 -1897.28
 6 679.038 -1 85 85 2446.69 2357.2 -2974.49 -1897.31
 6 730.982 -1 85 85 2454.92 2351.82 -2974.48 -1897.27
 6 777.993 -1 85 85 2464.51 2347.63 -2974.43 -1897.3
 6 740.919 -1 85 85 2472.97 2342.36 -2974.37 -1897.37
 6 730.985 -1 85 85 2481.37 2337.22 -2974.31 -1897.43
 6 692.463 -1 85 85 2488.85 2331.66 -2974.45 -1897.28
 6 730.372 -1 85 85 2497.47 2326.95 -2974.42 -1897.33
 6 732.064 -1 85 85 2505.17 2320.8 -2974.4 -1897.32
 6 826.121 -1 85 85 2514.62 2314.97 -2974.33 -1897.28
 6 774.798 -1 85 85 2523.37 2309.3 -2974.17 -1897.28
 6 764.638 -1 85 85 2531.38 2302.85 -2974.16 -1897.39
 6 774.459 -1 85 85 2539.01 2295.76 -2974.21 -1897.42
 6 761.085 -1 85 85 2546.63 2288.91 -2974.25 -1897.27
 6 836.923 -1 85 85 2555.36 2281.82 -2974.35 -1897.24
 6 910.878 -1 85 85 2564.52 2273.71 -2974.29 -1897.19
 6 794.568 -1 85 85 2572.93 2267.12 -2974.31 -1897.28
 6 897.346 -1 85 85 2581.01 2258.17 -2974.22 -1897.27
 6 888.131 -1 85 85 2589.32 2249.61 -2974.18 -1897.25
 6 857.202 -1 85 85 2597 2241.03 -2974.26 -1897.33
 6 912.613 -1 85 85 2605.31 2232.01 -2974.21 -1897.4
 6 963.501 -1 85 85 2614.64 2223.04 -2974.21 -1897.41
 6 945.435 -1 85 85 2623.45 2213.91 -2974.22 -1897.26
 6 954.589 -1 85 85 2631.43 2203.87 -2974.2 -1897.32
 6 928.482 -1 85 85 2639.34 2194.23 -2974.31 -1897.38
 6 942.562 -1 85 85 2647.91 2184.92 -2974.4 -1897.51
 6 1005.45 -1 85 85 2656.11 2174.19 -2974.31 -1897.65
 6 985.019 -1 85 85 2664.89 2164.3 -2974.37 -1897.62
 6 925.238 -1 85 85 2673.61 2155.45 -2974.44 -1897.62
 6 1003.24 -1 85 85 2681.04 2144.22 -2974.39 -1897.67
 6 902.365 -1 85 85 2687.89 2134.21 -2974.29 -1897.71
 6 980.974 -1 85 85 2695.47 2123.44 -2974.27 -1897.61
 6 893.715 -1 85 85 2702.89 2114.01 -2974.2 -1897.73
 6 911.68 -1 85 85 2710.27 2104.24 -2974.16 -1897.67
 6 930.898 -1 85 85 2718.25 2094.61 -2974.22 -1897.69
 6 917.497 -1 85 85 2725.84 2084.89 -2974.22 -1897.54
 6 906.462 -1 85 85 2733.45 2075.39 -2974.27 -1897.52
 6 821.691 -1 85 85 2739.51 2066.16 -2974.23 -1897.48
 6 866.88 -1 85 85 2746.92 2057.16 -2974.26 -1897.44
 6 847.07 -1 85 85 2753.73 2048.04 -2974.36 -1897.4
 6 796.689 -1 85 85 2759.06 2038.75 -2974.43 -1897.42
 6 838.491 -1 85 85 2765.47 2029.48 -2974.49 -1897.26
 6 871.987 -1 85 85 2773.49 2020.93 -2974.5 -1897.22
 6 805.56 -1 85 85 2779.75 2012.1 -2974.46 -1897.29
 6 734.622 -1 85 85 2785.32 2003.92 -2974.32 -1897.36
 6 810.665 -1 85 85 2791.38 1994.87 -2974.33 -1897.37
 6 730.097 -1 85 85 2796.97 1986.78 -2974.39 -1897.5
 6 693.908 -1 85 85 2801.74 1978.75 -2974.39 -1897.5
 6 744.226 -1 85 85 2806.98 1970.22 -2974.39 -1897.44
 6 795.136 -1 85 85 2813.52 1961.75 -2974.43 -1897.38
 6 697.62 -1 85 85 2819.07 1954.18 -2974.45 -1897.35
 6 672.759 -1 85 85 2823.58 1946.32 -2974.42 -1897.3
 6 707.682 -1 85 85 2828.42 1938.12 -2974.26 -1897.27
 6 663.748 -1 85 85 2833 1930.44 -2974.26 -1897.42
 6 672.942 -1 85 85 2837.89 1922.81 -2974.27 -1897.41
 6 595.022 -1 85 85 2842.32 1916.11 -2974.14 -1897.44
 6 675.973 -1 85 85 2847.52 1908.64 -2974.24 -1897.54
 6 644.623 -1 85 85 2853.62 1902.45 -2974.28 -1897.55
 6 566.676 -1 85 85 2857.64 1895.95 -2974.08 -1897.59
 6 611.798 -1 85 85 2861.91 1888.89 -2974.16 -1897.53
 6 574.167 -1 85 85 2865.9 1882.25 -2974.21 -1897.44
 6 550.194 -1 85 85 2869.68 1875.86 -2974.3 -1897.48
 6 493.688 -1 85 85 2872.39 1869.76 -2974.26 -1897.45
 6 593.036 -1 85 85 2876.89 1863.15 -2974.23 -1897.47
 6 538.205 -1 85 85 2880.03 1856.6 -2974.2 -1897.44
 6 507.057 -1 85 85 2884.13 1851.1 -2974.4 -1897.52
 6 535.382 -1 85 85 2887.59 1844.76 -2974.5 -1897.4
 6 474.91 -1 85 85 2890.85 1839.22 -2974.52 -1897.26
 6 477.628 -1 85 85 2894 1833.59 -2974.61 -1897.25
 6 444.975 -1 85 85 2897.22 1828.5 -2974.46 -1897.28
 6 400.671 -1 85 85 2899.5 1823.56 -2974.34 -1897.49
 6 443.833 -1 85 85 2902.29 1818.24 -2974.27 -1897.45
 6 439.098 -1 85 85 2905.21 1813.06 -2974.24 -1897.38
 6 434.972 -1 85 85 2909.04 1808.58 -2974.25 -1897.36
 6 372.633 -1 85 85 2912.03 1804.51 -2974.34 -1897.47
 6 395.258 -1 85 85 2913.79 1799.44 -2974.45 -1897.55
 6 373.742 -1 85 85 2915.94 1794.85 -2974.36 -1897.52
 6 343.225 -1 85 85 2917.96 1790.64 -2974.26 -1897.41
 6 345.029 -1 85 85 2918.79 1786.02 -2974.07 -1897.37
 6 308.183 -1 85 85 2919.15 1781.84 -2974 -1897.29
 6 351.371 -1 85 85 2920.9 1777.4 -2974.35 -1897.34
 6 392.098 -1 85 85 2921.21 1772.09 -2974.37 -1897.43
 6 439.836 -1 85 85 2922.63 1766.3 -2974.37 -1897.47
 6 521.759 -1 85 85 2923.81 1759.35 -2974.37 -1897.48
 6 491.988 -1 85 85 2924.44 1752.73 -2974.24 -1897.51
 6 619.595 -1 85 85 2926.05 1744.54 -2974.23 -1897.47
 6 537.425 -1 85 85 2925.86 1737.28 -2974.21 -1897.5
 6 609.958 -1 85 85 2925.67 1729.06 -2974.27 -1897.5
 6 622.838 -1 85 85 2924.79 1720.71 -2974.36 -1897.42
 6 613.812 -1 85 85 2925.28 1712.45 -2974.46 -1897.36
 6 628.256 -1 85 85 2925.38 1703.98 -2974.46 -1897.38
 6 576.383 -1 85 85 2923.08 1696.55 -2974.58 -1897.29
 6 621.967 -1 85 85 2920.16 1688.7 -2974.45 -1897.39
 6 468.334 -1 85 85 2918.58 1682.56 -2974.36 -1897.47
 6 480.361 -1 85 85 2915.67 1676.75 -2974.4 -1897.46
 6 458.444 -1 85 85 2913 1671.16 -2974.39 -1897.35
 6 443.691 -1 85 85 2911.12 1665.45 -2974.37 -1897.39
 6 316.831 -1 85 85 2908.15 1662.32 -2974.34 -1897.25
 6 303.799 -1 85 85 2904.98 1659.66 -2974.18 -1897.35
 6 287.55 -1 85 85 2902.3 1656.79 -2974.28 -1897.3
 6 150.402 -1 85 85 2901.54 1654.84 -2974.28 -1897.41
 6 128.579 -1 85 85 2901.03 1653.11 -2974.35 -1897.38
 6 129.006 -1 85 85 2899.43 1652.27 -2974.26 -1897.37
