 14 2689.31 -1 120 120 3387.44 1947.31 3501.68 2006.74
 14 2664.52 -1 120 120 3352.39 1939.49 3501.42 2009.1
 14 2677.28 -1 120 120 3314.49 1931.04 3500.93 2012.22
 14 2711.66 -1 120 120 3273.57 1921.81 3500.55 2015.38
 14 2763.75 -1 120 120 3232.03 1910.14 3500.09 2018.58
 14 2828.75 -1 120 120 3189.49 1898.92 3499.76 2021.56
 14 2919.61 -1 120 120 3142.61 1885.4 3499.42 2024.9
 14 3024.48 -1 120 120 3095.61 1870.86 3499.05 2028.48
 14 3138.69 -1 120 120 3047.57 1855.11 3498.87 2032.38
 14 3273.14 -1 120 120 2995.11 1837.93 3498.72 2036.69
 14 3417.09 -1 120 120 2942.41 1818.76 3499.14 2041.41
 14 3557.68 -1 120 120 2889.98 1800.07 3499.59 2046.7
 14 3716.43 -1 120 120 2831.5 1778.88 3500.21 2052.78
 14 3881.66 -1 120 120 2773.08 1755.09 3500.93 2047.93
 14 4038.18 -1 120 120 2715.25 1732.29 3501.36 2053.91
 14 4202.74 -1 120 120 2652.66 1707.17 3502.08 2059.19
 14 4373.48 -1 120 120 2588.77 1678.79 3502.64 2065.1
 14 4526 -1 120 120 2527.23 1652.46 3503.13 2081.89
 14 4687.57 -1 120 120 2459.44 1623.11 3503.97 2087.57
 14 4846.54 -1 120 120 2392.29 1591.77 3504.92 2093.83
 14 4991.42 -1 120 120 2325.96 1560.41 3505.8 2100.19
 14 5140.31 -1 120 120 2254.89 1527.37 3506.76 2107.08
 14 5292.21 -1 120 120 2183.1 1490.9 3508.18 2105.85
 14 5418.11 -1 120 120 2115.01 1457.02 3508.77 2114.32
 14 5554.1 -1 120 120 2039.84 1419.36 3509.52 2120.28
 14 5681.58 -1 120 120 1967.16 1380.45 3509.34 2127.02
 14 6162.05 -1 120 120 1820.4 1302.67 3508.89 2144.41
 14 6513.33 -1 120 120 1743.88 1259.08 3509 2150.45
 14 6729.56 -1 120 120 1672.64 1218.59 3508.23 2156.44
 14 6862.31 -1 120 120 1596.82 1176.45 3507.27 2161.26
 14 6937.21 -1 120 120 1520.91 1131.18 3506.9 2164.7
 14 6935.45 -1 120 120 1451.98 1088.88 3506.48 2169.12
 14 6914.98 -1 120 120 1375.58 1044.39 3506.12 2173.5
 14 6879.83 -1 120 120 1301.75 996.79 3505.12 2177.53
 14 6808.37 -1 120 120 1233.29 952.976 3503.98 2181.17
 14 6740.65 -1 120 120 1159.15 907.922 3503.4 2183.53
 14 6677.38 -1 120 120 1087.3 859.924 3502.74 2186.31
 14 6590.65 -1 120 120 1021.43 815.459 3502.07 2188.33
 14 6515.8 -1 120 120 950.568 769.222 3501.48 2189.73
 14 6440.02 -1 120 120 883.688 722.403 3500.72 2191.21
 14 6348.64 -1 120 120 820.704 677.783 3500.21 2190.69
 14 6261.75 -1 120 120 755.421 632.649 3500.05 2189.87
 14 6174.03 -1 120 120 693.349 586.386 3500.03 2188.95
 14 6074.32 -1 120 120 634.133 542.73 3500.12 2187.83
 14 5982.31 -1 120 120 572.771 498.161 3500.24 2186.75
 14 5886.28 -1 120 120 515.615 453.428 3500.72 2185.58
 14 5780.37 -1 120 120 460.642 410.718 3501.1 2184.34
 14 5666.88 -1 120 120 406.788 369.221 3501.34 2183.55
 14 5554.12 -1 120 120 354.182 326.33 3501.57 2182.69
 14 5425.66 -1 120 120 305.838 286.477 3501.35 2182.17
 14 5296.8 -1 120 120 257.012 246.24 3501.61 2181.67
 14 5167.75 -1 120 120 210.879 205.338 3501.65 2181.28
 14 5029.23 -1 120 120 167.183 167.639 3501.66 2181.2
 14 4884.45 -1 120 120 124.959 131.007 3501.78 2180.9
 14 4750.34 -1 120 120 82.8453 91.9266 3501.88 2181.22
 14 4605.59 -1 120 120 45.0998 56.8496 3501.58 2181.24
 14 4454.73 -1 120 120 8.82071 22.6575 3501.41 2181.33
 14 4305.39 -1 120 120 -26.1149 -11.9524 3501.3 2180.82
 14 4148.77 -1 120 120 -58.5123 -43.5101 3501.41 2180.92
 14 3716.41 -1 120 120 -10.5331 -66.1671 3501.82 2180.94
 14 3474.01 -1 120 120 -66.1118 -95.9536 3501.83 2181.16
 14 3421.41 -1 120 120 -131.706 -133.632 3501.81 2181.89
 14 3428.91 -1 120 120 -185.344 -159.444 3501.77 2181.98
 14 3358.19 -1 120 120 -209.948 -174.635 3502.03 2181.56
 14 3234.82 -1 120 120 -233.568 -189.521 3501.95 2181.82
 14 3084.11 -1 120 120 -257.835 -203.992 3502.07 2181.92
 14 2927.35 -1 120 120 -282.381 -219.332 3502 2182.16
 14 2776.49 -1 120 120 -307.528 -234.161 3501.87 2182.87
 14 2640.75 -1 120 120 -333.101 -249.219 3502.14 2182.79
 14 2605.39 -1 120 120 -375.935 -272.215 3502.14 2182.8
 14 2606.66 -1 120 120 -409.914 -294.483 3502.17 2182.67
 14 2216.99 -1 120 120 -333.279 -301.839 3502.14 2183.01
 14 1933.18 -1 120 120 -354.398 -317.955 3502.09 2183.41
 14 1313.56 -1 120 120 -295.638 -273.023 3502.01 2183.72
 14 1251.21 -1 120 120 -375.376 -332.614 3501.92 2183.98
 14 1256.02 -1 120 120 -399.141 -348.241 3501.81 2184.3
 14 1302.13 -1 120 120 -423.462 -362.276 3501.7 2184.93
 14 1378.67 -1 120 120 -447.668 -377.294 3501.54 2184.45
 14 1609.15 -1 120 120 -501.372 -405.822 3501.81 2184.91
 14 1816.49 -1 120 120 -530.107 -421.341 3501.8 2184.91
 14 1992.56 -1 120 120 -558.868 -435.588 3501.54 2185.31
 14 2135.49 -1 120 120 -587.577 -449.213 3501.57 2186.08
 14 2262.84 -1 120 120 -619.288 -464.595 3501.58 2186.22
 14 2360.83 -1 120 120 -649.602 -477.228 3501.46 2186.68
 14 2445.92 -1 120 120 -682.763 -490.598 3501.18 2186.93
 14 2495.24 -1 120 120 -714.973 -503.506 3501.11 2187.29
 14 2543.31 -1 120 120 -747.563 -516.45 3501.14 2187.7
 14 2582.34 -1 120 120 -780.156 -529.097 3500.94 2187.88
 14 2623.37 -1 120 120 -816.156 -541.641 3500.99 2187.98
 14 2664.72 -1 120 120 -852.3 -554.512 3500.74 2188.1
 14 2698.68 -1 120 120 -887.531 -566.459 3500.56 2188.73
 14 2876.74 -1 120 120 -956.013 -588.079 3500.44 2189.23
 14 2998.78 -1 120 120 -992.925 -600.104 3500.51 2189.88
 14 3021.3 -1 120 120 -1015.4 -615.743 3500.44 2190.49
 14 2437.45 -1 120 120 -921.8 -576.805 3500.25 2190.76
 14 2442.52 -1 120 120 -1037.79 -632.45 3500.02 2191.13
 14 2527.46 -1 120 120 -1084.6 -666.565 3500.14 2191.28
 14 2578.89 -1 120 120 -1108.42 -683.476 3500.24 2191.48
 14 2602.9 -1 120 120 -1135.74 -700.064 3500.39 2191.63
 14 2603.5 -1 120 120 -1162.4 -716.384 3500.41 2191.83
 14 2723.84 -1 120 120 -1215.52 -749.036 3500.07 2191.83
 14 2789.39 -1 120 120 -1244.48 -764.462 3500.26 2191.98
 14 2808.06 -1 120 120 -1272.38 -779.31 3500.26 2191.92
 14 2797.67 -1 120 120 -1301.32 -794.279 3499.91 2192.06
 14 2773.66 -1 120 120 -1331.83 -809.098 3499.9 2191.98
 14 2739.13 -1 120 120 -1361.68 -823.835 3499.89 2192.14
 14 2704.27 -1 120 120 -1393.55 -837.188 3499.94 2192.41
 14 2660.69 -1 120 120 -1422.93 -849.875 3499.85 2192.53
 14 2624.42 -1 120 120 -1455.01 -862.592 3499.65 2192.9
 14 2594.31 -1 120 120 -1485.74 -877.286 3499.6 2193
 14 2545.5 -1 120 120 -1509.64 -893.096 3499.52 2193.02
 14 2494.99 -1 120 120 -1535.11 -910.057 3499.68 2193.32
 14 2463.62 -1 120 120 -1559.87 -925.952 3499.72 2193.52
 14 2415.6 -1 120 120 -1586.23 -940.868 3499.62 2193.59
 14 2375.39 -1 120 120 -1612.68 -956.227 3499.75 2193.68
 14 2341.41 -1 120 120 -1638.8 -971.498 3499.66 2193.71
 14 2316.63 -1 120 120 -1665.98 -986.235 3499.74 2193.79
 14 2301.46 -1 120 120 -1693.87 -1000.62 3499.6 2193.65
 14 2295.25 -1 120 120 -1722.89 -1013.69 3499.65 2193.9
 14 2294.05 -1 120 120 -1751.42 -1026.92 3499.86 2194.12
 14 2287.83 -1 120 120 -1776.59 -1042.25 3500.13 2194.07
 14 2281.27 -1 120 120 -1802.07 -1058.35 3500.19 2194.5
 14 2270.83 -1 120 120 -1827.35 -1072.84 3500.05 2194.88
 14 2262.73 -1 120 120 -1853.91 -1087.11 3499.9 2194.84
 14 2260.09 -1 120 120 -1880.75 -1102.45 3500 2194.65
 14 2253.81 -1 120 120 -1906.31 -1116.57 3500.13 2194.76
 14 2251.22 -1 120 120 -1933.7 -1130.13 3499.89 2194.72
 14 2248.04 -1 120 120 -1960.27 -1143.62 3499.88 2194.66
 14 2240.61 -1 120 120 -1985.18 -1158.22 3499.94 2194.57
 14 2235.56 -1 120 120 -2010.87 -1173.68 3500.06 2194.76
 14 2236.11 -1 120 120 -2037.76 -1188.74 3500.15 2194.84
 14 2229.36 -1 120 120 -2062.57 -1202.29 3499.95 2194.87
 14 2225.8 -1 120 120 -2088.92 -1216.75 3499.94 2194.96
 14 2219.86 -1 120 120 -2113.67 -1231.85 3499.71 2195
 14 2215.57 -1 120 120 -2139.37 -1246.59 3500.22 2194.94
 14 2209.1 -1 120 120 -2164.64 -1260.46 3500.09 2195.21
 14 2202.98 -1 120 120 -2190.19 -1274.5 3500.28 2195.41
 14 2194.96 -1 120 120 -2214.9 -1288.88 3500.01 2195.52
 14 2185.21 -1 120 120 -2239.31 -1303.36 3499.99 2195.64
 14 2180.03 -1 120 120 -2265.18 -1317.67 3499.86 2195.57
 14 2174.27 -1 120 120 -2289.72 -1332.48 3499.73 2195.49
 14 2166.77 -1 120 120 -2314.44 -1346.17 3499.75 2195.58
 14 2160.98 -1 120 120 -2339.43 -1360.54 3499.73 2195.79
 14 2150.7 -1 120 120 -2363.38 -1373.98 3499.54 2195.77
 14 2144.47 -1 120 120 -2388.55 -1388.26 3499.35 2195.76
 14 2137.73 -1 120 120 -2412.61 -1402.82 3499.36 2195.86
 14 2130.83 -1 120 120 -2437.45 -1415.92 3499.33 2196.07
 14 2124.29 -1 120 120 -2461.32 -1430.75 3499.34 2196.17
 14 2115.03 -1 120 120 -2484.93 -1444.49 3499.56 2196.34
 14 2109.12 -1 120 120 -2509.23 -1459.18 3499.52 2196.47
 14 2098.96 -1 120 120 -2532.94 -1471.73 3499.91 2196.43
 14 2094.12 -1 120 120 -2558.19 -1485.1 3499.92 2196.48
 14 2083.22 -1 120 120 -2580.68 -1498.69 3499.73 2196.47
 14 2078.74 -1 120 120 -2605.32 -1513.1 3499.79 2196.46
 14 2072.84 -1 120 120 -2628.8 -1526.75 3499.54 2196.56
 14 2064.77 -1 120 120 -2652.31 -1539.62 3499.42 2196.42
 14 2059 -1 120 120 -2675.78 -1554.1 3499.51 2196.39
 14 2056.43 -1 120 120 -2699.82 -1568.17 3499.47 2196.41
 14 2051.82 -1 120 120 -2722.88 -1581.94 3499.49 2196.18
 14 2026.15 -1 120 120 -2746.25 -1595.66 3499.31 2196.2
 14 1232.87 -1 120 120 -2760.53 -1604 3499.07 2195.99
