 15 1679.15 -1 90 90 3071.65 1748.08 3156.43 1808.5
 15 2543.12 -1 90 90 3037.45 1745.54 3157.32 1810.06
 15 2885.02 -1 90 90 2998.8 1741.63 3158.63 1812.02
 15 2889.04 -1 90 90 2959.25 1737.44 3159.88 1814.65
 15 2906.81 -1 90 90 2917.27 1731.7 3161.24 1817.42
 15 3144.34 -1 90 90 2827.79 1716.25 3162.65 1820.21
 15 3338.55 -1 90 90 2778.84 1707.31 3164.49 1823.11
 15 3487.54 -1 90 90 2731.01 1697.79 3166.6 1826.24
 15 3632.95 -1 90 90 2675.4 1685.12 3168.97 1829.74
 15 3744.38 -1 90 90 2625.04 1673.4 3171.48 1833.91
 15 3873.86 -1 90 90 2564.3 1658.1 3174.59 1838.89
 15 3981.28 -1 90 90 2509.43 1645.13 3178.05 1844.65
 15 4104.17 -1 90 90 2447.07 1626.83 3182.12 1851.03
 15 4223.79 -1 90 90 2386.23 1609.26 3186.06 1858.36
 15 4353.42 -1 90 90 2321.54 1589.12 3191.15 1865.94
 15 4489.99 -1 90 90 2255.01 1569.39 3192.08 1870.39
 15 4635.65 -1 90 90 2186.44 1546.4 3198.56 1880.04
 15 4794.63 -1 90 90 2114.59 1522.12 3205.01 1890
 15 4944.11 -1 90 90 2045.3 1496.83 3212.13 1900.92
 15 5112.98 -1 90 90 1968.44 1469.48 3218.58 1910.73
 15 5263.07 -1 90 90 1896.79 1442.5 3224.52 1919.65
 15 5441.1 -1 90 90 1814.85 1410.75 3229.9 1927.78
 15 5600.29 -1 90 90 1739.38 1379.62 3235.2 1935.79
 15 5778.2 -1 90 90 1655.34 1344.94 3241.6 1944.47
 15 5925.26 -1 90 90 1578.03 1314.01 3247.83 1953.71
 15 6477.68 -1 90 90 1411.15 1239.13 3256.26 1966.07
 15 6873.79 -1 90 90 1328.27 1201 3263.54 1976.68
 15 7152.78 -1 90 90 1242.76 1161.75 3271.18 1988.51
 15 7324.68 -1 90 90 1160.79 1120.63 3278.65 1999.3
 15 7447.59 -1 90 90 1071.08 1078.01 3280.83 2004.51
 15 7471 -1 90 90 990.068 1035.32 3288.41 2015.1
 15 7471 -1 90 90 899.551 989.505 3293.88 2023.57
 15 7471 -1 90 90 819.808 947.274 3299.23 2032.35
 15 7471 -1 90 90 730.51 898.615 3304.02 2039.32
 15 7456.21 -1 90 90 650.76 854.265 3308.57 2046.12
 15 7425.82 -1 90 90 563.943 804.344 3312.2 2052.95
 15 7364.03 -1 90 90 485.42 760.484 3315.28 2057.92
 15 7312.21 -1 90 90 403.315 709.843 3316.24 2060.03
 15 7251.26 -1 90 90 324.107 663.109 3319.38 2065.47
 15 7178.37 -1 90 90 248.187 614.85 3321.84 2070.34
 15 7110.38 -1 90 90 169.665 567.22 3323.62 2074.72
 15 7020.5 -1 90 90 98.8201 519.656 3324.8 2078.58
 15 6954.38 -1 90 90 20.2586 470.251 3325.4 2081.7
 15 6854.16 -1 90 90 -45.7556 424.012 3325.67 2084.04
 15 6774.77 -1 90 90 -119.735 374.171 3325.38 2085.29
 15 6651.78 -1 90 90 -180.949 330.862 3325.02 2085.75
 15 6549.88 -1 90 90 -249.581 280.743 3324.09 2085.42
 15 6420.58 -1 90 90 -309.068 236.653 3322.87 2084.32
 15 6286.18 -1 90 90 -369.08 190.958 3321.73 2083.01
 15 6136.74 -1 90 90 -425.949 148.576 3320.82 2081.35
 15 5990.39 -1 90 90 -481.634 102.71 3320.14 2079.23
 15 5836.74 -1 90 90 -534.78 60.4552 3319.29 2077.38
 15 5661.42 -1 90 90 -581.612 19.5677 3318.38 2075.88
 15 5421.4 -1 90 90 -609.762 -22.868 3317.93 2074.32
 15 4941.48 -1 90 90 -609.762 -22.868 3317.34 2073.18
 15 4325.44 -1 90 90 -609.762 -22.868 3317.14 2072.41
 15 3652.27 -1 90 90 -609.762 -22.868 3316.99 2072.08
 15 2979.3 -1 90 90 -609.762 -22.868 3317.18 2071.87
 15 3033.73 -1 90 90 296.351 -142.099 3317.05 2071.87
 15 5144.37 -1 90 90 187.729 -185.469 3317.17 2072.2
 15 6092.19 -1 90 90 95.0314 -221.2 3317.57 2072.58
 15 6024.82 -1 90 90 -8.21113 -252.587 3317.65 2073.13
 15 5314.63 -1 90 90 -109.777 -294.834 3317.79 2073.59
 15 4272.84 -1 90 90 -209.94 -328.283 3318.43 2073.81
 15 3283.06 -1 90 90 -298.001 -363.988 3318.77 2074.12
 15 2677.36 -1 90 90 -402.01 -391.052 3319.13 2074.94
 15 2833.85 -1 90 90 -479.832 -423.583 3319.38 2075.68
 15 3145.58 -1 90 90 -479.832 -423.583 3319.55 2076.28
 15 4494.64 -1 90 90 -756.432 -513.821 3319.8 2077.03
 15 5668.48 -1 90 90 -843.648 -543.752 3320.15 2078
 15 6533.85 -1 90 90 -923.666 -567.111 3320.25 2078.71
 15 7152.39 -1 90 90 -1009.87 -595.553 3320.61 2079.54
 15 7471 -1 90 90 -1085.57 -618.108 3320.57 2080.24
 15 7471 -1 90 90 -1151.25 -640.399 3320.86 2080.78
 15 7327.26 -1 90 90 -1164.79 -658.903 3320.94 2081.34
 15 6777.12 -1 90 90 -1176.8 -677.562 3321 2081.93
 15 6091.1 -1 90 90 -1190.78 -697.185 3321.24 2082.25
 15 5355.12 -1 90 90 -1205.34 -715.604 3321.46 2082.72
 15 4636.52 -1 90 90 -1220.77 -735.356 3321.44 2083.09
 15 3980.09 -1 90 90 -1237.46 -754.857 3321.68 2083.61
 15 3405.43 -1 90 90 -1253.81 -773.497 3321.69 2083.78
 15 2931.92 -1 90 90 -1272.24 -792.256 3321.89 2084.26
 15 2558.03 -1 90 90 -1291 -810.741 3321.79 2084.96
 15 2298.31 -1 90 90 -1309.98 -829.43 3321.86 2085.35
 15 2104.53 -1 90 90 -1331.72 -848.271 3322.23 2085.73
 15 1974.4 -1 90 90 -1352.06 -866.865 3322.12 2085.89
 15 1893.93 -1 90 90 -1374.31 -883.886 3322.21 2085.91
 15 1858.22 -1 90 90 -1397.11 -902.97 3322.05 2086.07
 15 1850.28 -1 90 90 -1420.05 -920.626 3322.23 2086.16
 15 1867.89 -1 90 90 -1444.59 -938.653 3322.18 2086.51
 15 1901 -1 90 90 -1470.11 -955.179 3322.22 2086.89
 15 1943.61 -1 90 90 -1494.99 -972.279 3322.58 2087.21
 15 1994.78 -1 90 90 -1521.19 -989.228 3322.66 2087.55
 15 2043.06 -1 90 90 -1546.75 -1004.64 3322.75 2087.69
 15 2094.88 -1 90 90 -1574.22 -1020.48 3323.02 2088.21
 15 2150.87 -1 90 90 -1603.12 -1036.01 3323.25 2088.3
 15 2200.01 -1 90 90 -1630.72 -1050.61 3323.26 2088.73
 15 2239.08 -1 90 90 -1658.13 -1064.34 3323.43 2089.36
 15 2279.86 -1 90 90 -1688.14 -1078.47 3323.45 2089.72
 15 2310.96 -1 90 90 -1716.61 -1091.27 3323.38 2089.86
 15 2334.77 -1 90 90 -1745.32 -1104.07 3323.38 2090.29
 15 2355.97 -1 90 90 -1775.61 -1115.63 3323.2 2090.48
 15 2367.16 -1 90 90 -1804.13 -1126.97 3323.24 2090.63
 15 2377.82 -1 90 90 -1834.72 -1137.61 3323.29 2091.04
 15 2382.25 -1 90 90 -1863.79 -1148.55 3323.45 2091.3
 15 2380.25 -1 90 90 -1892.91 -1158.23 3323.37 2091.32
 15 2375.53 -1 90 90 -1922.84 -1166.78 3323.33 2091.55
 15 2367.32 -1 90 90 -1952.01 -1175.89 3323.28 2091.71
 15 2358.42 -1 90 90 -1982.07 -1183.35 3323.57 2091.74
 15 2342.63 -1 90 90 -2010.3 -1191.03 3323.73 2091.68
 15 2325.34 -1 90 90 -2039.28 -1198.06 3323.74 2091.97
 15 2306.58 -1 90 90 -2068.63 -1202.6 3323.6 2092.1
 15 2284.18 -1 90 90 -2096.66 -1208.28 3323.42 2092.01
 15 2261.07 -1 90 90 -2124.84 -1213.68 3323.28 2092.09
 15 2236.88 -1 90 90 -2152.84 -1217.93 3323.09 2092.29
 15 2223.77 -1 90 90 -2179.54 -1237.81 3323.1 2092.38
 15 2228.99 -1 90 90 -2207.78 -1259.13 3323.26 2092.56
 15 2247.71 -1 90 90 -2235.09 -1281.18 3323.31 2092.65
 15 2279.41 -1 90 90 -2263.02 -1301.92 3323.59 2092.93
 15 2320.58 -1 90 90 -2291.17 -1322.28 3323.72 2092.93
 15 2369.23 -1 90 90 -2319.89 -1342.81 3323.81 2092.84
 15 2419.7 -1 90 90 -2349.05 -1362.36 3323.75 2092.77
 15 2461.89 -1 90 90 -2377.33 -1380.77 3324.06 2092.93
 15 2489.9 -1 90 90 -2406.3 -1397.68 3324.02 2092.98
 15 2501.37 -1 90 90 -2435.18 -1417.25 3324.01 2093.15
 15 2520.88 -1 90 90 -2464.58 -1433.69 3323.95 2093.16
 15 2537.94 -1 90 90 -2494.93 -1450.98 3323.92 2093.18
 15 2537.74 -1 90 90 -2522.45 -1466.5 3323.93 2093.28
 15 2535.54 -1 90 90 -2552.59 -1482.01 3324.18 2093.38
 15 2521.01 -1 90 90 -2580.1 -1496.86 3324.15 2093.36
 15 2508.14 -1 90 90 -2610.54 -1510.88 3324.23 2093.51
 15 2494.11 -1 90 90 -2637.46 -1523.34 3324.24 2093.51
 15 2476.45 -1 90 90 -2666.49 -1536.16 3324.42 2093.72
 15 2441.76 -1 90 90 -2693.46 -1547.7 3324.34 2094.11
 15 2405.66 -1 90 90 -2721.25 -1558.62 3324.2 2094.33
 15 2366.18 -1 90 90 -2748 -1569.15 3324.17 2094.48
 15 2346.49 -1 90 90 -2776.29 -1586.89 3324.07 2094.6
 15 2342.84 -1 90 90 -2804.28 -1606.17 3324.07 2094.54
 15 2349.96 -1 90 90 -2832.14 -1625.39 3324.07 2094.7
 15 2360.07 -1 90 90 -2859.24 -1643.86 3324.13 2094.92
 15 2375.98 -1 90 90 -2887.73 -1661.68 3324.15 2095.14
 15 2387.65 -1 90 90 -2914.92 -1678.36 3324.39 2095.45
 15 2394.71 -1 90 90 -2942.02 -1694.76 3324.27 2095.74
 15 2396.44 -1 90 90 -2969.09 -1710.42 3323.9 2095.77
 15 2393.02 -1 90 90 -2996.59 -1724.78 3323.9 2095.86
 15 2378.76 -1 90 90 -3022.15 -1739.06 3323.82 2095.84
 15 2360.56 -1 90 90 -3048.87 -1752.57 3324.01 2095.83
 15 2337 -1 90 90 -3074.62 -1765.99 3323.9 2095.93
 15 2332.22 -1 90 90 -3102.83 -1784.76 3323.99 2096.06
 15 2331.87 -1 90 90 -3129.12 -1802.91 3324.1 2096.13
 15 2332.48 -1 90 90 -3155.26 -1820.33 3324.07 2096.14
 15 2334.86 -1 90 90 -3182.05 -1837.14 3324.08 2096.19
 15 2335.81 -1 90 90 -3208.3 -1853.75 3324.12 2096.34
 15 2457.73 -1 90 90 -3259.33 -1883.26 3323.92 2096.58
 15 2501.39 -1 90 90 -3284.54 -1897.46 3324.11 2096.62
 15 2529.27 -1 90 90 -3310.03 -1913.03 3324.17 2096.56
 15 2346.72 -1 90 90 -3336.28 -1930.22 3324.13 2096.65
 15 626.677 -1 90 90 -3337.4 -1938.6 3324.02 2096.67
 15 1004.15 -1 90 90 -3324.01 -1940.12 3324.07 2096.52
 15 1048.92 -1 90 90 -3309.99 -1941.4 3324.1 2096.78
 15 1076.63 -1 90 90 -3295.55 -1941.52 3324.34 2096.59
 15 1078.47 -1 90 90 -3280.67 -1940.77 3324.35 2096.77
 15 1083.27 -1 90 90 -3265.4 -1939.62 3324.4 2096.66
 15 1089.77 -1 90 90 -3250.16 -1937.42 3324.24 2096.71
 15 1101.84 -1 90 90 -3233.91 -1934.23 3324.21 2096.81
 15 1116.06 -1 90 90 -3218 -1930.59 3324.26 2096.8
 15 1133 -1 90 90 -3201.78 -1926.32 3324.17 2096.74
 15 1158.68 -1 90 90 -3183.96 -1921.19 3324.1 2096.68
 15 1268.5 -1 90 90 -3149.25 -1907.43 3324.11 2096.79
 15 1351.4 -1 90 90 -3132.06 -1899.64 3324.19 2096.84
 15 1417.15 -1 90 90 -3113.95 -1890.32 3324.09 2096.82
 15 1466.27 -1 90 90 -3096.08 -1881.61 3324.16 2096.79
 15 1487.32 -1 90 90 -3080.74 -1875.39 3323.98 2096.81
 15 1450.59 -1 90 90 -3071.75 -1876.46 3323.89 2096.82
 15 1374.69 -1 90 90 -3063.03 -1877.75 3324.06 2096.82
 15 1279.59 -1 90 90 -3053.71 -1878.85 3324.13 2096.77
 15 1178.44 -1 90 90 -3044.67 -1878.42 3324.26 2096.84
 15 1082.58 -1 90 90 -3035 -1877.63 3324.26 2097.02
 15 998.679 -1 90 90 -3024.8 -1876.65 3324.29 2097.06
 15 926.797 -1 90 90 -3015.22 -1874.01 3324.09 2096.97
 15 873.22 -1 90 90 -3004.25 -1871.12 3324.21 2096.82
 15 831.975 -1 90 90 -2994.27 -1866.78 3324.04 2096.79
 15 803.258 -1 90 90 -2983.73 -1863.18 3324.12 2096.94
 15 778.926 -1 90 90 -2973.96 -1862.48 3324.18 2097.09
 15 760.916 -1 90 90 -2963.79 -1861.57 3324.21 2097.2
 15 744.903 -1 90 90 -2954.46 -1860.41 3324.11 2096.97
 15 737.002 -1 90 90 -2943.99 -1858.21 3324.22 2096.89
 15 735.517 -1 90 90 -2933.51 -1855.45 3324.28 2097.03
 15 741.6 -1 90 90 -2922.49 -1851.72 3324.43 2097.25
 15 745.332 -1 90 90 -2912.85 -1849.61 3324.21 2097.07
 15 749.548 -1 90 90 -2902.44 -1848.57 3324.25 2097.06
 15 750.824 -1 90 90 -2892.9 -1846.68 3324.23 2097.09
 15 752.043 -1 90 90 -2883.02 -1844.2 3324.29 2097.18
 15 754.231 -1 90 90 -2872.82 -1842.01 3324.42 2097.1
 15 753.507 -1 90 90 -2863.24 -1840.74 3324.37 2096.94
 15 753.075 -1 90 90 -2853.25 -1838.9 3324.35 2096.95
 15 751.216 -1 90 90 -2843.62 -1837.24 3324.37 2096.98
 15 749.096 -1 90 90 -2833.99 -1834.84 3324.31 2097.05
 15 748.422 -1 90 90 -2823.96 -1832.72 3324.39 2096.82
 15 746.274 -1 90 90 -2814.46 -1830.84 3324.31 2096.79
 15 740.729 -1 90 90 -2805.65 -1828.46 3324.3 2097.03
 15 740.2 -1 90 90 -2794.96 -1827.26 3324.07 2097.14
 15 734.048 -1 90 90 -2786.64 -1824.82 3324.04 2097.24
 15 732.332 -1 90 90 -2776.9 -1823.32 3323.96 2097.32
 15 705.822 -1 90 90 -2767.85 -1820.42 3324.1 2097.18
 15 682.875 -1 90 90 -2758.78 -1818.92 3324.23 2097.37
 15 1390.27 -1 90 90 -2740.49 -1815.37 3324.39 2097.32
 15 722.069 -1 90 90 -2750.08 -1816.95 3324.51 2097.14
 15 1388.37 -1 90 90 -2731.82 -1813.41 3324.51 2097
 15 636.363 -1 90 90 -2723.34 -1812.1 3324.49 2097.15
 15 697.52 -1 90 90 -2714.15 -1810.19 3324.45 2097.22
 15 654.22 -1 90 90 -2705.66 -1807.83 3324.28 2097.1
 15 1273.57 -1 90 90 -2689.11 -1803.62 3324.01 2096.88
 15 637.811 -1 90 90 -2680.83 -1801.34 3324.09 2096.79
 15 643.716 -1 90 90 -2672.33 -1799.56 3324.03 2096.91
 15 629.279 -1 90 90 -2664.24 -1797.02 3323.83 2096.94
 15 700.589 -1 90 90 -2654.99 -1795.21 3324 2097.13
 15 666.196 -1 90 90 -2646.33 -1792.83 3324.12 2097.34
 15 601.592 -1 90 90 -2638.7 -1790.09 3324.3 2097.12
 15 564.372 -1 90 90 -2631.24 -1788.57 3324.24 2097.08
 15 1139.07 -1 90 90 -2616.49 -1784.57 3324.09 2097.2
 15 612.393 -1 90 90 -2608.35 -1783.19 3324.12 2097.42
 15 1187.49 -1 90 90 -2623.8 -1787.07 3324.03 2097.27
 15 2367.99 -1 90 90 -2593.31 -1778.5 3324.12 2097.33
 15 607.853 -1 90 90 -2585.47 -1776.13 3324.33 2097.09
 15 568.745 -1 90 90 -2578.01 -1774.33 3324.37 2097.04
 15 517.374 -1 90 90 -2571.19 -1772.78 3324.31 2097.12
 15 550.391 -1 90 90 -2563.94 -1771.15 3324.37 2097.07
 15 567.251 -1 90 90 -2556.66 -1768.78 3324.23 2097.09
 15 567.276 -1 90 90 -2549.24 -1766.86 3324.27 2097.16
 15 560.856 -1 90 90 -2543.26 -1765.25 3324.13 2097.1
 15 557.242 -1 90 90 -2535.61 -1763.8 3324.18 2097.16
 15 553.618 -1 90 90 -2528.82 -1761.2 3324.11 2097.11
 15 551.267 -1 90 90 -2521.6 -1759.18 3324.16 2097.08
 15 545.456 -1 90 90 -2515.21 -1757.94 3324.08 2097.27
 15 535.678 -1 90 90 -2509.44 -1756.19 3324.1 2097.28
 15 524.629 -1 90 90 -2503.34 -1754.85 3324.02 2097.22
 15 516.164 -1 90 90 -2496.72 -1753.04 3324.02 2097.26
 15 508.193 -1 90 90 -2490.43 -1751.52 3324.14 2097.18
 15 502 -1 90 90 -2484.02 -1749.57 3324.17 2097.2
 15 494.348 -1 90 90 -2478.34 -1747.61 3324.07 2097.34
 15 518.053 -1 90 90 -2465.56 -1743.95 3323.99 2097.11
 15 527.723 -1 90 90 -2460.25 -1742.45 3324.01 2097.15
 15 448.53 -1 90 90 -2472.39 -1745.34 3324.07 2097.2
 15 449.806 -1 90 90 -2454.38 -1740.37 3324.21 2097.3
 15 450.434 -1 90 90 -2448.54 -1738.83 3324.1 2097.11
 15 475.68 -1 90 90 -2437.38 -1735.09 3324.11 2097.01
 15 491.13 -1 90 90 -2431.69 -1733.05 3324.41 2096.94
 15 498.591 -1 90 90 -2426.03 -1731.27 3324.8 2096.94
 15 499.746 -1 90 90 -2420.4 -1729.71 3324.63 2097.09
 15 497.746 -1 90 90 -2414.74 -1727.3 3324.69 2097.05
 15 488.792 -1 90 90 -2409.96 -1725.88 3324.5 2097
 15 479.653 -1 90 90 -2404.24 -1724.36 3324.52 2097.24
 15 470.209 -1 90 90 -2398.76 -1722.6 3324.52 2097.39
 15 460.63 -1 90 90 -2393.69 -1719.95 3324.64 2097.48
 15 449.984 -1 90 90 -2388.65 -1718.35 3324.63 2097.45
 15 436.739 -1 90 90 -2384.15 -1716.94 3324.51 2097.35
 15 425.21 -1 90 90 -2379.23 -1714.82 3324.6 2097.43
 15 435.059 -1 90 90 -2370 -1711.51 3324.28 2097.41
 15 438.607 -1 90 90 -2365.07 -1709.96 3324.36 2097.31
 15 436.174 -1 90 90 -2360.46 -1708.49 3324.24 2097.16
 15 431.649 -1 90 90 -2355.64 -1706.39 3324.12 2097
 15 420.025 -1 90 90 -2351.78 -1705.6 3324.25 2096.96
 15 406.768 -1 90 90 -2347.63 -1703.92 3324.23 2096.87
 15 397.688 -1 90 90 -2342.31 -1702.47 3324.22 2096.98
 15 388.113 -1 90 90 -2337.91 -1701.05 3324.09 2097.03
 15 379.64 -1 90 90 -2333.6 -1698.76 3324.18 2097
 15 370.912 -1 90 90 -2329.01 -1698.35 3324.24 2097.06
 15 358.66 -1 90 90 -2325.54 -1697.41 3324.21 2097.15
 15 351.083 -1 90 90 -2320.56 -1696.42 3324.36 2097.11
 15 343.194 -1 90 90 -2316.75 -1694.73 3324.41 2097.17
 15 334.981 -1 90 90 -2313.08 -1692.99 3324.41 2097.24
 15 327.594 -1 90 90 -2309.04 -1692 3324.42 2097.11
 15 322.016 -1 90 90 -2304.84 -1690.93 3324.02 2097.03
 15 316.797 -1 90 90 -2300.96 -1689.72 3324.23 2097.14
 15 308.373 -1 90 90 -2297.81 -1689.1 3324.01 2097.01
 15 302.237 -1 90 90 -2293.92 -1687.75 3323.95 2097.09
 15 297.676 -1 90 90 -2289.98 -1686.86 3324.12 2097.12
 15 294.954 -1 90 90 -2286.07 -1685.43 3324.19 2097.28
 15 292.209 -1 90 90 -2282.33 -1684.61 3324.47 2097.27
 15 289.316 -1 90 90 -2278.63 -1683.9 3324.64 2097.32
 15 285.677 -1 90 90 -2275.29 -1682.63 3324.54 2097.23
 15 284.1 -1 90 90 -2271.38 -1681.36 3324.27 2097.1
 15 240.777 -1 90 90 -2268.2 -1680.47 3324.41 2097.03
 15 250.373 -1 90 90 -2265.04 -1679.13 3324.16 2097.07
 15 272.795 -1 90 90 -2261.4 -1678.35 3323.98 2097.06
 15 195.819 -1 90 90 -2258.79 -1677.64 3323.77 2096.89
 15 216.076 -1 90 90 -2256.06 -1676.46 3323.9 2096.81
 15 234.356 -1 90 90 -2252.95 -1675.66 3323.94 2096.83
 15 240.943 -1 90 90 -2249.8 -1674.65 3324.02 2096.94
 15 213.673 -1 90 90 -2247.03 -1673.68 3323.83 2096.97
 15 253.795 -1 90 90 -2243.93 -1672.11 3323.83 2097.05
 15 160.199 -1 90 90 -2241.71 -1671.93 3323.93 2097.16
 15 251.046 -1 90 90 -2238.47 -1670.77 3324.25 2097.4
 15 233.149 -1 90 90 -2235.33 -1670.18 3324.37 2097.03
 15 240.456 -1 90 90 -2232.12 -1669.41 3324.59 2097.11
 15 161.217 -1 90 90 -2230 -1668.7 3324.34 2097.32
 15 230.508 -1 90 90 -2227.12 -1667.39 3324.4 2097.51
 15 217.123 -1 90 90 -2224.51 -1665.94 3324.33 2097.35
 15 358.79 -1 90 90 -2219.74 -1664.93 3324.37 2097.11
 15 384.325 -1 90 90 -2215.29 -1662.2 3324.43 2097.26
 15 668.769 -1 90 90 -2206.85 -1659.04 3324.49 2097.09
 15 440.651 -1 90 90 -2201.48 -1656.44 3324.52 2097.17
 15 515.113 -1 90 90 -2195.51 -1652.87 3324.65 2097.27
 15 487.503 -1 90 90 -2190.21 -1648.95 3324.44 2097.33
 15 389.637 -1 90 90 -2185.57 -1646.42 3324.48 2097.44
 15 290.57 -1 90 90 -2182.62 -1643.78 3324.49 2097.48
 15 354.598 -1 90 90 -2180.76 -1639.33 3324.25 2097.32
 15 276.43 -1 90 90 -2179.67 -1635.72 3324.27 2097.34
 15 228.72 -1 90 90 -2179.28 -1632.6 3324.48 2097.32
 15 499.819 -1 90 90 -2182.21 -1626.51 3324.4 2097.35
 15 547.937 -1 90 90 -2186.45 -1620.45 3324.42 2097.25
 15 510.284 -1 90 90 -2191.47 -1615.72 3324.26 2097.22
 15 552.355 -1 90 90 -2197.56 -1611.43 3324.28 2097.3
 15 1117.54 -1 90 90 -2211.22 -1605.24 3324.35 2097.49
 15 476.554 -1 90 90 -2217.63 -1604.58 3324.37 2097.5
 15 1158.85 -1 90 90 -2233.16 -1603.82 3324.21 2097.54
 15 577.062 -1 90 90 -2225.37 -1604.08 3324.38 2097.73
 15 1176.32 -1 90 90 -2241.15 -1604.14 3324.36 2097.44
 15 632.68 -1 90 90 -2249.66 -1604.67 3324.23 2097.51
 15 638.074 -1 90 90 -2257.85 -1607.28 3324.45 2097.51
 15 1283.67 -1 90 90 -2274.38 -1612.08 3324.42 2097.24
 15 656.196 -1 90 90 -2282.61 -1615.29 3324.23 2097.2
 15 683.466 -1 90 90 -2290.68 -1619.72 3324.05 2097.33
 15 679.087 -1 90 90 -2298.62 -1624.26 3323.98 2097.15
 15 636.406 -1 90 90 -2305.46 -1629.43 3324.23 2097.05
 15 606.565 -1 90 90 -2311.99 -1634.35 3324.18 2097.1
 15 590.995 -1 90 90 -2318.59 -1638.83 3324.28 2097.09
 15 645.435 -1 90 90 -2325.81 -1643.68 3324.18 2097.37
 15 608.944 -1 90 90 -2332.83 -1647.94 3324.18 2097.38
 15 624.772 -1 90 90 -2339.66 -1652.86 3324.44 2097.28
 15 610.994 -1 90 90 -2346.2 -1657.87 3324.63 2097.32
 15 610.907 -1 90 90 -2353.52 -1661.64 3324.46 2097.36
 15 621.449 -1 90 90 -2360.44 -1666.36 3324.24 2097.3
 15 629.094 -1 90 90 -2367.64 -1670.84 3324.19 2097.44
 15 717.996 -1 90 90 -2375.92 -1675.83 3324.04 2097.4
 15 602.751 -1 90 90 -2382.66 -1680.36 3324.12 2097.34
 15 642.614 -1 90 90 -2389.9 -1685.11 3324.38 2097.17
 15 714.668 -1 90 90 -2398.25 -1689.9 3324.58 2097.23
 15 676.967 -1 90 90 -2405.95 -1694.78 3324.51 2097.14
 15 640.314 -1 90 90 -2412.97 -1699.79 3324.35 2097.11
 15 740.481 -1 90 90 -2421.67 -1704.66 3324.28 2097.23
 15 803.935 -1 90 90 -2431.2 -1709.76 3324.46 2097.18
 15 640.562 -1 90 90 -2438.19 -1714.82 3324.54 2097.53
 15 787.707 -1 90 90 -2447.67 -1719.56 3324.64 2097.41
 15 730.829 -1 90 90 -2455.99 -1724.79 3324.58 2097.43
 15 815.707 -1 90 90 -2465.53 -1730.21 3324.45 2097.44
 15 769.493 -1 90 90 -2474.9 -1734.6 3324.24 2097.52
 15 1621.49 -1 90 90 -2494.48 -1743.98 3324.56 2097.55
 15 766.811 -1 90 90 -2503.87 -1748.26 3324.31 2097.46
 15 864.142 -1 90 90 -2514.63 -1752.63 3324.28 2097.58
 15 2368.25 -1 90 90 -2485.69 -1739.76 3324.15 2097.41
 15 3206.51 -1 90 90 -2525.74 -1755.8 3324.02 2097.54
 15 798.901 -1 90 90 -2535.82 -1759.52 3324.18 2097.43
 15 1802.47 -1 90 90 -2558.66 -1767.29 3324.19 2097.34
 15 991.839 -1 90 90 -2571.43 -1771.06 3324.09 2097.32
 15 821.283 -1 90 90 -2582.08 -1773.98 3324.24 2097.46
 15 882.362 -1 90 90 -2593.23 -1777.99 3324.3 2097.48
 15 877.627 -1 90 90 -2604.99 -1778.88 3324.53 2097.53
 15 926.479 -1 90 90 -2617.38 -1780.08 3324.53 2097.58
 15 882.841 -1 90 90 -2628.99 -1782.49 3324.59 2097.44
 15 810.104 -1 90 90 -2639.88 -1782.28 3324.63 2097.32
 15 1825.56 -1 90 90 -2664.12 -1785.34 3324.63 2097.36
 15 876.155 -1 90 90 -2675.73 -1787.33 3324.68 2097.29
 15 839.342 -1 90 90 -2686.94 -1788.57 3324.4 2097.05
 15 814.398 -1 90 90 -2697.88 -1788.95 3324.39 2097.2
 15 960.747 -1 90 90 -2710.69 -1790.48 3324.51 2097
 15 896.71 -1 90 90 -2722.73 -1790.96 3324.45 2097.11
 15 861.628 -1 90 90 -2734.27 -1791.99 3324.28 2097.1
 15 919.18 -1 90 90 -2746.57 -1793.04 3324.44 2097.22
 15 925.235 -1 90 90 -2758.98 -1793.57 3324.31 2097.3
 15 963.003 -1 90 90 -2771.73 -1795.74 3324.2 2097.24
 15 839.132 -1 90 90 -2782.96 -1796.76 3324.38 2097.13
 15 967.913 -1 90 90 -2795.85 -1798.48 3324.17 2097.06
 15 872.963 -1 90 90 -2807.51 -1799.74 3324.33 2097.15
 15 899.663 -1 90 90 -2819.42 -1801.78 3324.36 2097.18
 15 930.914 -1 90 90 -2831.88 -1802.87 3324.66 2097.26
 15 903.579 -1 90 90 -2843.9 -1804.56 3324.49 2097.36
 15 876.314 -1 90 90 -2855.47 -1806.76 3324.51 2097.46
 15 841.683 -1 90 90 -2866.59 -1808.82 3324.42 2097.49
 15 809.64 -1 90 90 -2877.42 -1809.91 3324.31 2097.53
 15 856.142 -1 90 90 -2888.59 -1812.66 3324.32 2097.52
 15 1683.86 -1 90 90 -2910.69 -1817.12 3324.19 2097.33
 15 781.288 -1 90 90 -2921.06 -1818.81 3324.1 2097.29
 15 757.31 -1 90 90 -2930.97 -1821.19 3324.02 2097.4
 15 698.629 -1 90 90 -2940.27 -1822.56 3324.05 2097.37
 15 777.02 -1 90 90 -2950.41 -1825.12 3324.15 2097.3
 15 838.596 -1 90 90 -2961.38 -1827.69 3324.22 2097.3
 15 693.962 -1 90 90 -2970.64 -1828.96 3324.21 2097.49
 15 711.372 -1 90 90 -2979.8 -1831.77 3324.26 2097.53
 15 688.871 -1 90 90 -2989.02 -1832.76 3324.41 2097.56
 15 816.656 -1 90 90 -2999.84 -1834.64 3324.21 2097.4
 15 651.105 -1 90 90 -3008.14 -1837.46 3324.37 2097.58
 15 658.368 -1 90 90 -3016.84 -1839.22 3324.07 2097.48
 15 641.117 -1 90 90 -3025.46 -1839.72 3324.4 2097.16
 15 773.292 -1 90 90 -3035.78 -1841.06 3324.5 2097.15
 15 613.274 -1 90 90 -3043.92 -1842.49 3324.21 2097.24
 15 636.726 -1 90 90 -3052.33 -1844.2 3324.27 2097.31
 15 627.118 -1 90 90 -3060.68 -1845.49 3324.39 2097.57
 15 566.003 -1 90 90 -3068.3 -1846.02 3324.51 2097.53
 15 1182.07 -1 90 90 -3084.04 -1847.9 3324.57 2097.52
 15 579.345 -1 90 90 -3091.71 -1849.38 3324.6 2097.53
 15 1197.96 -1 90 90 -3075.77 -1847.42 3324.54 2097.48
 15 2272.32 -1 90 90 -3105.96 -1850.9 3324.39 2097.48
 15 498.531 -1 90 90 -3112.56 -1852.26 3324.36 2097.32
 15 573.78 -1 90 90 -3120.29 -1852.73 3324.17 2097.43
 15 588.68 -1 90 90 -3127.98 -1854.69 3324.23 2097.27
 15 504.031 -1 90 90 -3134.79 -1854.72 3324.38 2097.33
 15 536.385 -1 90 90 -3141.88 -1856.19 3324.45 2097.36
 15 527.197 -1 90 90 -3149 -1855.98 3324.27 2097.36
 15 507.819 -1 90 90 -3155.77 -1857.12 3324.19 2097.39
 15 481.967 -1 90 90 -3162.26 -1857.73 3324.2 2097.52
 15 422.946 -1 90 90 -3167.95 -1858.36 3324.11 2097.37
 15 495.018 -1 90 90 -3174.64 -1858.47 3324.12 2097.41
 15 440.107 -1 90 90 -3180.6 -1858.55 3324.13 2097.29
 15 884.361 -1 90 90 -3191.98 -1861.96 3324.14 2097.09
 15 385.813 -1 90 90 -3197.18 -1862.57 3323.91 2097.14
 15 389.656 -1 90 90 -3202.44 -1862.03 3324.04 2097.37
 15 531.781 -1 90 90 -3209.34 -1864.03 3324.06 2097.39
 15 295.921 -1 90 90 -3213.34 -1863.5 3324.22 2097.38
 15 371.599 -1 90 90 -3218.25 -1864.66 3324.12 2097.28
 15 237.623 -1 90 90 -3221.31 -1863.53 3324.25 2097.3
 15 277.39 -1 90 90 -3224.88 -1862.27 3324.28 2097.3
 15 309.824 -1 90 90 -3229.08 -1862.65 3324.26 2097.17
 15 344.105 -1 90 90 -3233.71 -1861.94 3324.48 2097.36
 15 300.571 -1 90 90 -3237.79 -1861.59 3324.61 2097.4
 15 454.836 -1 90 90 -3243.7 -1859.88 3324.51 2097.21
 15 405.004 -1 90 90 -3249.12 -1858.95 3324.38 2097.32
 15 456.417 -1 90 90 -3254.77 -1856.46 3324.43 2097.41
 15 566.558 -1 90 90 -3262.31 -1855.2 3324.48 2097.45
 15 481.122 -1 90 90 -3268.04 -1852.12 3324.57 2097.5
 15 609.1 -1 90 90 -3275.59 -1848.88 3324.41 2097.43
 15 536.095 -1 90 90 -3282 -1845.52 3324.29 2097.47
 15 502.399 -1 90 90 -3288.37 -1843.17 3324.35 2097.55
 15 561.136 -1 90 90 -3294.73 -1839.06 3324.39 2097.34
 15 472.104 -1 90 90 -3299.66 -1835.01 3324.39 2097.38
 15 509.073 -1 90 90 -3304.75 -1830.37 3324.37 2097.31
 15 412.175 -1 90 90 -3309.06 -1826.83 3324.31 2097.63
 15 343.058 -1 90 90 -3312.32 -1823.49 3324.29 2097.7
 15 384.7 -1 90 90 -3315.29 -1819.19 3324.18 2097.32
 15 316.64 -1 90 90 -3317.65 -1815.59 3324.18 2097.5
 15 308.952 -1 90 90 -3319.22 -1811.68 3324.15 2097.51
 15 261.06 -1 90 90 -3320.39 -1808.31 3324.32 2097.45
 15 160.18 -1 90 90 -3320.42 -1806.08 3324.41 2097.58
 15 124.381 -1 90 90 -3320.44 -1804.33 3324.17 2097.64
 15 127.009 -1 90 90 -3320.29 -1802.55 3324.2 2097.31
 15 143.724 -1 90 90 -3318.79 -1801.22 3324.25 2097.3
 15 215.669 -1 90 90 -3316.52 -1799.3 3324.32 2097.53
 15 325.908 -1 90 90 -3312.09 -1799.31 3324.27 2097.46
 15 351.422 -1 90 90 -3307.32 -1799.08 3324.69 2097.47
 15 428.632 -1 90 90 -3301.52 -1798.7 3324.41 2097.35
 15 492.761 -1 90 90 -3294.95 -1799.8 3324.51 2097.24
 15 520.193 -1 90 90 -3288.13 -1801.47 3324.46 2097.41
 15 515.984 -1 90 90 -3281.67 -1804.09 3324.8 2097.61
 15 447.656 -1 90 90 -3276.05 -1806.37 3324.66 2097.46
 15 548.589 -1 90 90 -3269.28 -1809.37 3324.45 2097.33
 15 461.318 -1 90 90 -3264.01 -1812.7 3324.17 2097.26
 15 444.008 -1 90 90 -3259.15 -1816.25 3324.18 2097.15
 15 355.93 -1 90 90 -3254.77 -1818.3 3324.19 2097.42
 15 289.793 -1 90 90 -3251.61 -1820.68 3324.41 2097.46
 15 244.286 -1 90 90 -3249.09 -1822.88 3324.39 2097.41
 15 0 -1 90 90 -3248.1 -1823.78 3324.21 2097.51
 15 171.872 -1 90 90 -3246.02 -1824.95 3324.04 2097.37
 15 116.92 -1 90 90 -3245.66 -1826.56 3324.01 2097.23
