 0 3145.1378349391325 80.0
 14 3540.1714042685844 80.0
 0 3684.615435204331 85.0
 14 4232.662004353407 85.0
 0 3591.0640249786693 90.0
 14 4599.158270195054 90.0
 0 3886.116143398348 95.0
 14 4675.680654479303 95.0
 14 5030.218746132717 100.0
 0 4588.668945313009 105.0
 14 5135.970850292377 105.0
 0 4894.635640545679 110.0
 14 4801.446888936709 110.0
 0 5006.971582626468 115.0
 14 4915.86070405387 115.0
 0 5033.329994262347 120.0
 14 5224.8058516488445 120.0
 0 5043.4421202349495 120.0
