 15 -0.12273565086280154 0.03107104062020279
 15 -0.09628040432376624 0.12335032465053711
 15 -0.07076157384375929 0.1572329820001338
 15 -0.047718747905240444 0.14549589930571016
 15 -0.02362509303096548 0.09777746700158571
 15 0.001872910675200503 0.0343670898350901
 15 0.023582355941578426 -0.10726859462800221
 15 0.04503062215292599 -0.15647234177048167
 15 0.07228458528282677 -0.12800013283602646
 15 0.11791433765976908 -0.1221264530657177
 15 0.14412311695524174 0.014768543207060433
 15 0.15963218061667048 -0.04956876088851272
 15 0.19218463309347786 -0.03558126777923806
 15 0.19799551765137635 -0.08490310069962237
 15 -0.1713300324449126 0.06163225475291577
 15 -0.1294765661318186 0.08896246571057785
 15 -0.1060422256157915 0.03366859858712312
 15 -0.08585688458370475 0.15503376972206767
 15 -0.0683861219206161 0.08254748191815557
 15 -0.041345846891233926 0.1731787696815252
 15 0.0011630869246762202 0.051666330253552245
 15 0.021107281856556425 -0.10616383345718014
 15 0.04225647872013152 -0.11236784978924201
 15 0.08631716907980279 -0.09949675106552879
 15 0.11971689925298444 0.04896900342350001
 15 0.14857050359718185 0.15004270509628595
 15 0.1696614669668883 -0.028885591327735556
 15 0.1764772743032254 0.0203221056455708
 15 -0.15518425299860897 0.1535686438717164
 15 -0.1255920334847273 0.16281692476431228
 15 -0.11146610717760792 0.12244490490204243
 15 -0.0998768133520598 0.16465460113085886
 15 -0.08078154463144839 0.1594912465080051
 15 -0.05822531571444116 0.09775983671494261
 15 -0.018135333222849246 0.11622911098537696
 15 0.00023945916694176174 0.035857035863901786
 15 0.018908179147321773 -0.07920376376830218
 15 0.03986592481525559 -0.07808025641468393
 15 0.06078187442945351 -0.10861339509833415
 15 0.0780484983928595 -0.12792479009201627
 15 0.09983616437123803 -0.22864366294221378
 15 0.11597075255294656 -0.14658849840810745
 15 0.15555821771520326 -0.0013231142284109293
 15 0.15911530993936462 -0.12050431355455424
 15 -0.1398275421547934 -0.20602488728885973
 15 -0.05242767955431624 0.12646819582169797
 15 -0.032374759040586815 0.08621616957065967
 15 -0.01634396538685433 0.09631473992251396
 15 0.0014678526084342144 0.047398024745400655
 15 0.01745697673861356 -0.05045694058111704
 15 0.03751217903583776 -0.06205933087392438
 15 0.05247730177751106 -0.06670614340516925
 15 0.07117619791061104 -0.07098976355358277
 15 0.09613943755526014 -0.06109990142364793
 15 0.08763471928755863 -0.1089471315322985
 15 0.12466502831041876 -0.1312713323167413
 15 0.13925420032739994 -0.12618322296029866
 15 0.144861628530073 0.00024450627490826826
 15 -0.1273212526027047 0.09901219259282476
 15 -0.10434314460902161 0.054782182074532546
 15 -0.07912395815439388 0.13842143566712486
 15 -0.05919690174918141 0.21155541127679192
 15 -0.04884499728594002 0.20906384997826505
 15 -0.029946247816538332 0.14371431769046414
 15 -0.015905589024287493 0.11663133976114075
 15 0.0015792889950604775 0.009380710791219535
 15 0.01548948949117139 -0.06274137860882296
 15 0.03175756986246002 -0.09197165324613929
 15 0.04674029025773762 -0.07440940421136101
 15 0.06530785105822066 -0.11283596204063485
 15 0.07780936070818609 -0.1669022975459592
 15 0.09298899034462114 -0.14510342934529863
 15 0.10944980893110136 -0.30058064627728914
 15 0.1296933415979062 -0.19492927480046546
 15 0.13292105766438245 -0.022095780326792408
 15 -0.16953591924638675 0.0445453948956323
 15 -0.12040998561259628 0.15963525957218935
 15 -0.08904794592759563 0.1567152684278845
 15 -0.04916066664032118 0.1444800189278402
 15 -0.02219763989324196 0.11520581440029778
 15 0.0006243041920570365 -0.008034046934494325
 15 0.022744697920721146 -0.10316721328976922
 15 0.046822782690030595 -0.10984822220298684
 15 0.07282904035283902 -0.11126806130298375
 15 0.09834741718564204 -0.1327324312781239
 15 0.11867329615310315 -0.13745456375236093
 15 0.1439137192836603 -0.002156083508519119
 15 0.16066568189803926 -0.07092068704155435
 15 0.1837661500865052 -0.025531140025287696
 15 0.19793797199015273 0.2540690225714898
 15 -0.17001593142037194 0.04871886398136195
 15 -0.13008200979076243 0.10707005162136325
 15 -0.11039236583996694 0.1695222255382935
 15 -0.08006629696838945 0.11394108067043322
 15 -0.06333007104096058 0.15966051105457738
 15 -0.042909055022441994 0.13724006367672734
 15 -0.021418817357248588 0.1248984566639086
 15 0.0009502345013282303 0.03231957081088234
 15 0.02191270760074632 -0.12161956554136509
 15 0.04121683506703985 -0.08370380167121202
 15 0.0869433999161164 -0.0412982987383464
 15 0.10936343222353143 -0.062233646961770694
 15 0.13081438507012982 -0.19577272326092762
 15 0.14464981766177934 -0.06130947372940568
 15 0.16963931276925087 0.06128689085208798
 15 0.17642570393834087 0.09731838518620299
 15 -0.09931456411181752 0.10743760340182693
 15 -0.07469518561081877 0.1191299803899171
 15 -0.0574138757255035 0.18091164337689752
 15 -0.03738609379253439 0.12454569202659119
 15 -0.017724963968760162 0.14824517604851012
 15 -0.096009257639459 0.11563921823748485
 15 -0.06877861379627333 0.08591933765586515
 15 -0.04934835739284824 0.12677824671379345
 15 -0.022787436670432072 0.10789131132006358
 15 0.0019242231789680802 0.06494618978617585
 15 0.024018266680648187 -0.10930784474244529
 15 0.05032087860350534 -0.09332296321694185
 15 0.07119553503820727 -0.11995228243375045
 15 0.09717847065060436 -0.08668257417226113
 15 0.12338423685776358 -0.17368205539221201
 15 0.14574762319896895 -0.06108594330232469
 15 0.17133002866394054 -0.07934479843360911
 15 0.18345201070280162 -0.0637379792926966
 15 0.19799551765137863 -0.04576170769476389
 15 -0.1510678310386683 0.1123857244658812
 15 -0.12842990476483523 0.18738099165332
 15 -0.10431306610793249 0.09064695961883736
 15 -0.08842194548683546 0.13509452763040738
 15 -0.061353677656228206 0.159648313229368
 15 -0.019724315835398933 0.11720021143391654
 15 -0.00038769576991256834 -0.02469041206237157
 15 0.021099682523835515 -0.12188167363772058
 15 0.04315945316337595 -0.11893840940929157
 15 0.062042823560503564 -0.08944510841788553
 15 0.08513242280346434 -0.14803384054407753
 15 0.10906296714878772 -0.14404563195446407
 15 0.12696409772891895 -0.14837177008137814
 15 0.1502133044552416 -0.08273357324888353
 15 0.1756519744057495 -0.034283030525634806
 15 0.17645517283440437 -0.0839542204217029
 15 -0.14582129374804753 0.30569069487132405
 15 -0.13394033974357922 -0.009780814324339668
 15 -0.09379042054488791 0.09242104389597827
 15 -0.08019017291398103 0.11419165872467425
 15 -0.05636365977155784 0.09098600663913886
 15 -0.039012040906374404 0.15286534406399235
 15 -0.0184157494673009 0.09932238347951367
 15 4.78918351798173e-05 -0.014780614906816824
 15 0.019646806981277277 -0.08161585293529117
 15 0.03855433871897195 -0.12368201414629068
 15 0.09752579452607411 -0.11315040413453996
 15 0.11608549557868965 -0.09386824982112191
 15 0.12341624059747974 -0.06295373108533085
 15 0.14809758948951346 -0.12637598964047314
 15 0.15912197946179787 -0.13776437167483777
 15 -0.12611605056095235 0.13819224236847133
 15 -0.10733629155601773 0.1927647216845021
 15 -0.08443052106074649 0.16833234168581643
 15 -0.0664901516699127 0.16687720754983534
 15 -0.048103484475685736 0.11209558301639841
 15 -0.016536724614334947 0.09244978280297383
 15 -0.12273565086280154 0.03107104062020279
 15 -0.09628040432376624 0.12335032465053711
 15 -0.07076157384375929 0.1572329820001338
 15 -0.047718747905240444 0.14549589930571016
 15 -0.02362509303096548 0.09777746700158571
 15 0.001872910675200503 0.0343670898350901
 15 0.023582355941578426 -0.10726859462800221
 15 0.04503062215292599 -0.15647234177048167
 15 0.07228458528282677 -0.12800013283602646
 15 0.11791433765976908 -0.1221264530657177
 15 0.14412311695524174 0.014768543207060433
 15 0.15963218061667048 -0.04956876088851272
 15 0.19218463309347786 -0.03558126777923806
 15 0.19799551765137635 -0.08490310069962237
 15 -0.1713300324449126 0.06163225475291577
 15 -0.1294765661318186 0.08896246571057785
 15 -0.1060422256157915 0.03366859858712312
 15 -0.08585688458370475 0.15503376972206767
 15 -0.0683861219206161 0.08254748191815557
 15 -0.041345846891233926 0.1731787696815252
 15 0.0011630869246762202 0.051666330253552245
 15 0.021107281856556425 -0.10616383345718014
 15 0.04225647872013152 -0.11236784978924201
 15 0.08631716907980279 -0.09949675106552879
 15 0.11971689925298444 0.04896900342350001
 15 0.14857050359718185 0.15004270509628595
 15 0.1696614669668883 -0.028885591327735556
 15 0.1764772743032254 0.0203221056455708
 15 -0.15518425299860897 0.1535686438717164
 15 -0.1255920334847273 0.16281692476431228
 15 -0.11146610717760792 0.12244490490204243
 15 -0.0998768133520598 0.16465460113085886
 15 -0.08078154463144839 0.1594912465080051
 15 -0.05822531571444116 0.09775983671494261
 15 -0.018135333222849246 0.11622911098537696
 15 0.00023945916694176174 0.035857035863901786
 15 0.018908179147321773 -0.07920376376830218
 15 0.03986592481525559 -0.07808025641468393
 15 0.06078187442945351 -0.10861339509833415
 15 0.0780484983928595 -0.12792479009201627
 15 0.09983616437123803 -0.22864366294221378
 15 0.11597075255294656 -0.14658849840810745
 15 0.15555821771520326 -0.0013231142284109293
 15 0.15911530993936462 -0.12050431355455424
 15 -0.1398275421547934 -0.20602488728885973
 15 -0.05242767955431624 0.12646819582169797
 15 -0.032374759040586815 0.08621616957065967
 15 -0.01634396538685433 0.09631473992251396
 15 0.0014678526084342144 0.047398024745400655
 15 0.01745697673861356 -0.05045694058111704
 15 0.03751217903583776 -0.06205933087392438
 15 0.05247730177751106 -0.06670614340516925
 15 0.07117619791061104 -0.07098976355358277
 15 0.09613943755526014 -0.06109990142364793
 15 0.08763471928755863 -0.1089471315322985
 15 0.12466502831041876 -0.1312713323167413
 15 0.13925420032739994 -0.12618322296029866
 15 0.144861628530073 0.00024450627490826826
 15 -0.1273212526027047 0.09901219259282476
 15 -0.10434314460902161 0.054782182074532546
 15 -0.07912395815439388 0.13842143566712486
 15 -0.05919690174918141 0.21155541127679192
 15 -0.04884499728594002 0.20906384997826505
 15 -0.029946247816538332 0.14371431769046414
 15 -0.015905589024287493 0.11663133976114075
 15 0.0015792889950604775 0.009380710791219535
 15 0.01548948949117139 -0.06274137860882296
 15 0.03175756986246002 -0.09197165324613929
 15 0.04674029025773762 -0.07440940421136101
 15 0.06530785105822066 -0.11283596204063485
 15 0.07780936070818609 -0.1669022975459592
 15 0.09298899034462114 -0.14510342934529863
 15 0.10944980893110136 -0.30058064627728914
 15 0.1296933415979062 -0.19492927480046546
 15 0.13292105766438245 -0.022095780326792408
 15 -0.16953591924638675 0.0445453948956323
 15 -0.12040998561259628 0.15963525957218935
 15 -0.08904794592759563 0.1567152684278845
 15 -0.04916066664032118 0.1444800189278402
 15 -0.02219763989324196 0.11520581440029778
 15 0.0006243041920570365 -0.008034046934494325
 15 0.022744697920721146 -0.10316721328976922
 15 0.046822782690030595 -0.10984822220298684
 15 0.07282904035283902 -0.11126806130298375
 15 0.09834741718564204 -0.1327324312781239
 15 0.11867329615310315 -0.13745456375236093
 15 0.1439137192836603 -0.002156083508519119
 15 0.16066568189803926 -0.07092068704155435
 15 0.1837661500865052 -0.025531140025287696
 15 0.19793797199015273 0.2540690225714898
 15 -0.17001593142037194 0.04871886398136195
 15 -0.13008200979076243 0.10707005162136325
 15 -0.11039236583996694 0.1695222255382935
 15 -0.08006629696838945 0.11394108067043322
 15 -0.06333007104096058 0.15966051105457738
 15 -0.042909055022441994 0.13724006367672734
 15 -0.021418817357248588 0.1248984566639086
 15 0.0009502345013282303 0.03231957081088234
 15 0.02191270760074632 -0.12161956554136509
 15 0.04121683506703985 -0.08370380167121202
 15 0.0869433999161164 -0.0412982987383464
 15 0.10936343222353143 -0.062233646961770694
 15 0.13081438507012982 -0.19577272326092762
 15 0.14464981766177934 -0.06130947372940568
 15 0.16963931276925087 0.06128689085208798
 15 0.17642570393834087 0.09731838518620299
 15 -0.09931456411181752 0.10743760340182693
 15 -0.07469518561081877 0.1191299803899171
 15 -0.0574138757255035 0.18091164337689752
 15 -0.03738609379253439 0.12454569202659119
 15 -0.017724963968760162 0.14824517604851012
 15 -0.18260031776162963 0.11270955463983601
 15 -0.1283756904448047 -0.14639113575610818
 15 -0.07035311401924138 0.1328734099554207
 15 0.024257586523934355 -0.06625191589821133
 15 0.04726650853901574 -0.03078774614993197
 15 0.07159543810557636 -0.1546223307424822
 15 0.09878782858251417 -0.09750839103730277
 10 -0.3810218690162355 -0.45589686634559023
 10 -0.31509563890398545 -0.30615843123358705
 10 -0.2819596292616398 -0.2588253115932308
 10 -0.23744247993243386 -0.33755240589947344
 10 -0.19444965953833596 -0.15803578156709872
 10 -0.13719795153509007 -0.06224133541222902
 10 -0.0933394166102991 -0.09120494532973228
 10 -0.04509036770268715 -0.005764454583014036
 10 -0.000615752095766738 -0.10459443330517901
 10 0.04756515952324508 0.08401496668891442
 10 -0.3678654701701189 -0.22822090976099627
 10 -0.32934551271256324 -0.20176166863595588
 10 -0.2799701871293005 -0.2279937710240693
 10 -0.19542095354695965 -0.21107207943441356
 10 -0.2378463855219157 -0.26496195878276296
 10 -0.13812097090601905 -0.07656486502267813
 10 -0.0905749432055282 -0.10442392142726194
 10 -0.047821138908687354 -0.06485728413225224
 10 0.001180191110493469 -0.057803399218946186
 10 0.045807259908234185 0.0007086398724243872
 10 0.09011688700782423 0.14008443663050843
 10 0.1349817477929056 0.12605854751345605
 10 0.24023588479913982 0.06118932899157425
 10 0.2860575452083182 0.36671994933314433
 10 0.3225452818733833 0.32977368798625734
 10 0.3792371709891909 0.15145040196095794
 10 0.38088921951752364 0.2719406816673746
 10 -0.28211741328394874 -0.3675284895172108
 10 -0.23888003289927112 -0.26197986569527976
 10 -0.19530574276644502 -0.29109899122787414
 10 -0.14107302288533521 -0.17017968699194197
 10 -0.09194887660224485 -0.07385217013540657
 10 -0.047684616376805274 -0.10674521209744324
 10 0.0017617335198070007 -0.1183918590052425
 10 0.04691664668415971 -0.002952273461640212
 10 0.09650917022038964 0.1653663050425008
 10 0.13472982578257642 0.09991464281257095
 10 0.19252245757803124 0.1861528567522416
 10 0.23994541286438864 0.15263013153325458
 10 0.2833003976860859 0.19128569317963964
 10 0.33460437612970656 0.2952359908093123
 10 0.3732155371932593 0.3262412183055736
 10 -0.28486071223965503 -0.2943783778000379
 10 -0.19362625016363846 -0.2249725177833451
 10 -0.2398001724336669 -0.19259038955232607
 10 -0.1368622476227142 -0.11653243914077642
 10 -0.09050708392622918 -0.13425797639955242
 10 -0.26093203985376906 -0.17193794443626137
 10 -0.22020751101857805 -0.060803791197124035
 10 -0.18941722168328393 -0.04540160123542757
 10 -0.16106009219435002 -0.08896634104376061
 10 -0.13165495724919488 -0.03531048629210256
 10 -0.0929381229120019 -0.03807185581928845
 10 -0.06278112277071542 -0.05836085187473339
 10 -0.03238407916288366 -0.004751997108387471
 10 0.0022577539814326686 -0.1057987418189242
 10 0.032019567829131644 0.0632130758152096
 10 0.09152486184115602 -0.013913368917165143
 10 0.1310273436394891 -0.021393613975590333
 10 0.16283710793339967 0.10989795223797814
 10 0.1960627833771135 0.04163951171261592
 10 0.22341938105677275 0.1206059359518814
 10 0.2594413028102778 0.09151552588640406
 10 0.2609213965539023 0.14137777488540973
 10 -0.16543095461088536 -0.05613342125609094
 10 -0.1384445607818744 -0.07585040690555671
 10 -0.0789742178512211 -0.0026340856141397174
 10 -0.02633442007062138 -0.019457261821890996
 10 -0.00015638149588482236 -0.052123983886148834
 10 0.026519993921455785 0.00979649224443192
 10 0.054717947136202726 0.011244020197543005
 10 0.0784982645527377 -0.042010171160347436
 10 0.11109928525498182 0.008840587400273313
 10 0.14010285344232443 -0.0034607817204777144
 10 0.16845321446651898 -0.02273452139272809
 10 0.19288259625410614 0.012885198882360732
 10 0.220917860012854 0.04075351268104319
 10 -0.14338597532940978 0.046457402180894274
 10 -0.0691616312873739 0.03553092954370335
 10 -0.046191291427550095 0.00318554371122705
 10 0.022266023245010428 0.0110947961124285
 10 0.047172644722836415 -0.002782678599800144
 10 0.06922972284065379 -0.016631312688150206
 10 0.09827119425321225 -0.023964858876907472
 10 0.12086510687196522 -0.1114372107792306
 10 0.13425951234652814 0.04006563512454149
 10 0.16764924885681975 0.030326608881193824
 10 0.1957336645082551 -0.1380940709829647
 10 0.19760909170294186 0.051282688660444976
 10 -0.13595196333930568 0.005919229855789555
 10 -0.10853711085436593 0.03229091190249789
 10 -0.08860296432874841 0.01611118389064677
 10 -0.041406556794514854 -0.0015565598074811851
 10 -0.020187846361680646 0.0013746943208738831
 10 -0.0003952976756032912 0.028942092449856075
 10 0.02085652984196658 0.006664428287543804
 10 0.041535566592102405 -0.029253132985493056
 10 0.06130066758864662 -0.04246299746922102
 10 0.08654352785461286 -0.051167729169439166
 10 0.12048864687546469 0.020087989136737434
 10 0.10895028508005017 -0.046083641077724266
 10 0.1467855599784784 -0.1028140771489499
 10 0.17453155949568083 -0.037165986438168416
 10 0.17613097782361392 -0.06057313011324737
 10 -0.09917229839055873 0.17328571868179543
 10 -0.07804169870072748 0.03961205322835798
 10 -0.017978025781660092 0.022582834205002917
 10 -0.0002531425436903163 0.016134997908162106
 10 0.03698982482787169 -0.03874353537682214
 10 0.057461606855549706 -0.04336111694751482
 10 0.07938797485332383 -0.040023828761688626
 10 0.09721405143292788 -0.04063944439160708
 10 0.10556339069096488 -0.06581294867398535
 10 0.13433678346234143 -0.09681002875802362
 10 0.15735394891130886 -0.2899448010596853
 10 0.15882848875222327 -0.10006468068449717
 10 -0.10452566008081798 0.13313256718970262
 10 -0.08848023006923643 0.06053370391215105
 10 -0.07181975105285486 0.058548307724958136
 10 -0.05135456423492804 0.08702053037599598
 10 -0.033598711161137454 0.004551321458785293
 10 -0.01713364848767769 0.021440693162267807
 10 0.0003607436580390517 0.05497979743261543
 10 0.0176746004109457 0.021528036552187605
 10 0.032573580963590185 -0.03621515300896343
 10 0.05154686243869598 -0.022963395546493636
 10 0.07275402386041042 -0.09026789680023992
 10 0.0892453969638823 -0.11770408681066606
 10 0.10382427953653248 -0.25181280930854105
 10 0.14416727783031089 -0.10660807877543324
 10 0.14460583319511233 -0.31579003703470343
 10 -0.13274180829378165 0.11002954762871481
 10 -0.1973569155675315 -0.010485263146845036
 10 -0.15758084136431286 -0.1391080044004296
 10 -0.13005210539275583 -0.0843963383431496
 10 -0.060281989574253965 -0.07134573090102829
 10 -4.561126997325357e-05 -0.046991561235797175
 10 0.031757569862460346 -0.006770400914918564
 10 0.06298556224082721 0.0321057008804837
 10 0.09276854587807436 -0.04234362897702894
 10 0.13157650167462953 0.0227112491340056
 10 0.1597155461529575 0.044444796495441884
 10 0.2581199396140924 0.10616341047089006
 10 0.26087882274954294 0.11030272648919727
 10 -0.16074900333550932 0.004421320003674475
 10 -0.11157228942159475 0.0007473099622239345
 10 -0.07941128840882931 -0.001024841089696037
 10 -0.05289552533725716 -0.026697442687544023
 10 -0.026930200843286897 -0.00010468292630558018
 10 0.0004789183220682397 0.056392389477011286
 10 0.027184136151114514 0.0016268477506919722
 10 0.05290527126717011 -0.005941057169827925
 10 0.07892564890071407 -0.034727348052860096
 10 0.11391727354504344 0.006246858813689304
 10 0.13887598164747184 -0.06430858830610874
 10 0.1502748809288337 0.09047104821804221
 10 0.1905938000616511 0.0020142369506877663
 10 0.2238840225806703 -0.125465877841824
 10 0.2249523619864468 -0.06858492259136643
 10 -0.22223716999564286 -0.12404983900325589
 10 -0.16017119108824365 0.11404898880647285
 10 -0.13229365500230847 -0.08943987888429163
 10 -0.08950043286895853 -0.008355850354314772
 10 -0.06127037338018232 -0.007958675355534201
 10 -0.030470298435595074 0.02537465862328102
 10 -0.0005815436184477405 0.0258626074802463
 10 0.02983232056680919 0.011178525681768949
 10 0.06333763942543423 0.016343593892181336
 10 0.09311899042247208 -0.005971097368508627
 10 0.13230485872155923 0.04754154105996347
 10 0.16173770612673974 0.0436344300251208
 10 0.19613956809527824 0.024873418171169354
 10 0.2232458812304004 0.05001895077796085
 10 0.2607617397978157 0.06897209849221236
 10 0.26087882274954294 0.11972443848440723
 10 -0.21134183887631447 0.005316074024067922
