 11 0 -1000 30
 11 0 0 30
 11 0 0 30
 11 737.559 737.559 30
 11 1007.26 1007.26 30
 11 1027.64 1027.64 30
 11 1096.34 1096.34 30
 11 1085.71 1096.34 30
 11 1053.48 1096.34 30
 11 1008.92 1096.34 30
 11 958.456 1096.34 30
 11 904.203 1096.34 30
 11 850.605 1096.34 30
 11 798.857 1096.34 30
 11 751.038 1096.34 30
 11 707.944 1096.34 30
 11 671.495 1096.34 30
 11 638.337 1096.34 30
 11 611.884 1096.34 30
 11 590.846 1096.34 30
 11 578.032 1096.34 30
 11 571.542 1096.34 30
 11 559.336 1096.34 30
 11 553.333 1096.34 30
 11 550.041 1096.34 30
 11 546.348 1096.34 30
 11 543.071 1096.34 30
 11 535.286 1096.34 30
 11 529.125 1096.34 30
 11 525.787 1096.34 30
 4 0 -1000 30
 4 0 0 30
 4 0 0 30
 4 0 0 30
 4 113.866 113.866 30
 4 0 113.866 30
 4 0 113.866 30
 4 0 113.866 30
 4 0 113.866 30
 4 0 113.866 30
 4 0 113.866 30
 4 0 113.866 30
 4 0 113.866 30
 4 109.105 113.866 30
 4 0 113.866 30
 4 0 113.866 30
 4 0 113.866 30
 4 0 113.866 30
 4 0 113.866 30
 4 0 113.866 30
 4 0 113.866 30
 4 0 113.866 30
 4 0 113.866 30
 4 0 113.866 30
 4 0 113.866 30
 4 0 113.866 30
 4 0 113.866 30
 4 0 113.866 30
 4 0 113.866 30
 4 0 113.866 30
 1 0 -1000 30
 1 0 0 30
 1 0 0 30
 1 593.449 593.449 30
 1 1265.84 1265.84 30
 1 1328.31 1328.31 30
 1 2541.94 2541.94 30
 1 2474.13 2541.94 30
 1 2326.91 2541.94 30
 1 2148.67 2541.94 30
 1 1945.31 2541.94 30
 1 1738.79 2541.94 30
 1 1539.75 2541.94 30
 1 1355.37 2541.94 30
 1 1189.38 2541.94 30
 1 1083.07 2541.94 30
 1 988.309 2541.94 30
 1 905.276 2541.94 30
 1 828.091 2541.94 30
 1 767.018 2541.94 30
 1 757.582 2541.94 30
 1 739.599 2541.94 30
 1 760.065 2541.94 30
 1 765.587 2541.94 30
 1 759.353 2541.94 30
 1 748.974 2541.94 30
 1 733.287 2541.94 30
 1 712.459 2541.94 30
 1 693.054 2541.94 30
 1 669.853 2541.94 30
 10 0 -1000 30
 10 0 0 30
 10 0 0 30
 10 0 0 30
 10 109.743 109.743 30
 10 1100.04 1100.04 30
 10 4172.07 4172.07 30
 10 4014.23 4172.07 30
 10 3760.38 4172.07 30
 10 3451.35 4172.07 30
 10 3097.32 4172.07 30
 10 2731.62 4172.07 30
 10 2394.09 4172.07 30
 10 2062.81 4172.07 30
 10 1770.38 4172.07 30
 10 1519.6 4172.07 30
 10 1308.41 4172.07 30
 10 1125.23 4172.07 30
 10 984.957 4172.07 30
 10 878.404 4172.07 30
 10 796.189 4172.07 30
 10 741.422 4172.07 30
 10 708.146 4172.07 30
 10 683.229 4172.07 30
 10 673.917 4172.07 30
 10 668.95 4172.07 30
 10 676.237 4172.07 30
 10 680.78 4172.07 30
 10 688.735 4172.07 30
 10 696.821 4172.07 30
 5 0 -1000 30
 5 0 0 30
 5 434.603 434.603 30
 5 1246.52 1246.52 30
 5 1146.71 1246.52 30
 5 1263.37 1263.37 30
 5 1251.94 1263.37 30
 5 1229.03 1263.37 30
 5 1196.64 1263.37 30
 5 1156.33 1263.37 30
 5 1104.85 1263.37 30
 5 1043.83 1263.37 30
 5 1009.34 1263.37 30
 5 960.156 1263.37 30
 5 906.668 1263.37 30
 5 850.895 1263.37 30
 5 795.529 1263.37 30
 5 744.026 1263.37 30
 5 703.59 1263.37 30
 5 665.013 1263.37 30
 5 634.709 1263.37 30
 5 643.837 1263.37 30
 5 643.83 1263.37 30
 5 633.455 1263.37 30
 5 622.985 1263.37 30
 5 613.145 1263.37 30
 5 601.989 1263.37 30
 5 588.971 1263.37 30
 5 580.505 1263.37 30
 5 566.771 1263.37 30
 15 0 -1000 30
 15 0 0 30
 15 0 0 30
 15 685.335 685.335 30
 15 768.078 768.078 30
 15 788.006 788.006 30
 15 720.954 788.006 30
 15 716.332 788.006 30
 15 704.62 788.006 30
 15 687.451 788.006 30
 15 667.096 788.006 30
 15 640.984 788.006 30
 15 612.629 788.006 30
 15 582.471 788.006 30
 15 557.137 788.006 30
 15 533.159 788.006 30
 15 512.557 788.006 30
 15 491.839 788.006 30
 15 473.547 788.006 30
 15 459.603 788.006 30
 15 445.501 788.006 30
 15 431.861 788.006 30
 15 423.605 788.006 30
 15 419.075 788.006 30
 15 413.135 788.006 30
 15 412.068 788.006 30
 15 410.854 788.006 30
 15 407.881 788.006 30
 15 406.418 788.006 30
 15 403.117 788.006 30
 11 0 -1000 40
 11 0 0 40
 11 0 0 40
 11 1058.01 1058.01 40
 11 2017.54 2017.54 40
 11 2041.23 2041.23 40
 11 2173.07 2173.07 40
 11 2386.52 2386.52 40
 11 2497.57 2497.57 40
 11 2546.7 2546.7 40
 11 2517.04 2546.7 40
 11 2463.63 2546.7 40
 11 2362.72 2546.7 40
 11 2250.51 2546.7 40
 11 2137.51 2546.7 40
 11 2021.89 2546.7 40
 11 1908.28 2546.7 40
 11 1807.88 2546.7 40
 11 1714.21 2546.7 40
 11 1639.26 2546.7 40
 11 1575.24 2546.7 40
 11 1524.81 2546.7 40
 11 1484.19 2546.7 40
 11 1452.24 2546.7 40
 11 1431.42 2546.7 40
 11 1414.16 2546.7 40
 11 1402.83 2546.7 40
 11 1397.04 2546.7 40
 11 1394.51 2546.7 40
 11 1394.19 2546.7 40
 4 0 -1000 40
 4 0 0 40
 4 0 0 40
 4 572.564 572.564 40
 4 1357.16 1357.16 40
 4 1557.52 1557.52 40
 4 1626.25 1626.25 40
 4 1621.12 1626.25 40
 4 1596.63 1626.25 40
 4 1560.4 1626.25 40
 4 1519.49 1626.25 40
 4 1460.22 1626.25 40
 4 1392.06 1626.25 40
 4 1321.74 1626.25 40
 4 1351.99 1626.25 40
 4 1345.03 1626.25 40
 4 1309.44 1626.25 40
 4 1255.07 1626.25 40
 4 1199.98 1626.25 40
 4 1141.84 1626.25 40
 4 1085.63 1626.25 40
 4 1079.39 1626.25 40
 4 1065.69 1626.25 40
 4 1041.41 1626.25 40
 4 1010.38 1626.25 40
 4 977.341 1626.25 40
 4 950.263 1626.25 40
 4 917.554 1626.25 40
 4 890.842 1626.25 40
 4 868.509 1626.25 40
 1 0 -1000 40
 1 0 0 40
 1 308.284 308.284 40
 1 2018.79 2018.79 40
 1 2016.87 2018.79 40
 1 2022.03 2022.03 40
 1 2032.8 2032.8 40
 1 2041.35 2041.35 40
 1 2028.73 2041.35 40
 1 2001.35 2041.35 40
 1 1965.66 2041.35 40
 1 1925.06 2041.35 40
 1 1880.11 2041.35 40
 1 1819.39 2041.35 40
 1 1748.06 2041.35 40
 1 1677.29 2041.35 40
 1 1605.5 2041.35 40
 1 1534.14 2041.35 40
 1 1471.96 2041.35 40
 1 1421.56 2041.35 40
 1 1371.72 2041.35 40
 1 1332.63 2041.35 40
 1 1301.65 2041.35 40
 1 1279.68 2041.35 40
 1 1257.84 2041.35 40
 1 1239.28 2041.35 40
 1 1225.83 2041.35 40
 1 1218.75 2041.35 40
 1 1216.57 2041.35 40
 1 1211.78 2041.35 40
 10 0 -1000 40
 10 0 0 40
 10 0 0 40
 10 1039.94 1039.94 40
 10 2015.41 2015.41 40
 10 2272.69 2272.69 40
 10 2276.49 2276.49 40
 10 2278.88 2278.88 40
 10 2291.66 2291.66 40
 10 2299.99 2299.99 40
 10 2276.87 2299.99 40
 10 2229.02 2299.99 40
 10 2165.08 2299.99 40
 10 2095.44 2299.99 40
 10 2030.12 2299.99 40
 10 1966.19 2299.99 40
 10 1886 2299.99 40
 10 1796.77 2299.99 40
 10 1713.14 2299.99 40
 10 1635.06 2299.99 40
 10 1565.21 2299.99 40
 10 1501.15 2299.99 40
 10 1445.23 2299.99 40
 10 1395.4 2299.99 40
 10 1355.02 2299.99 40
 10 1319.44 2299.99 40
 10 1295.35 2299.99 40
 10 1274.73 2299.99 40
 10 1262.26 2299.99 40
 10 1251.42 2299.99 40
 5 0 -1000 40
 5 0 0 40
 5 0 0 40
 5 1276.29 1276.29 40
 5 1941.52 1941.52 40
 5 1984.59 1984.59 40
 5 1994.68 1994.68 40
 5 1997.13 1997.13 40
 5 1981.23 1997.13 40
 5 1961.5 1997.13 40
 5 1933.3 1997.13 40
 5 1893.55 1997.13 40
 5 1837.94 1997.13 40
 5 1776.86 1997.13 40
 5 1711.21 1997.13 40
 5 1642.34 1997.13 40
 5 1573.03 1997.13 40
 5 1505.47 1997.13 40
 5 1438.85 1997.13 40
 5 1378.88 1997.13 40
 5 1328.07 1997.13 40
 5 1282.82 1997.13 40
 5 1249.53 1997.13 40
 5 1220.32 1997.13 40
 5 1202.34 1997.13 40
 5 1319.76 1997.13 40
 5 1393.26 1997.13 40
 5 1428.68 1997.13 40
 5 1433.46 1997.13 40
 5 1423.47 1997.13 40
 15 524.703 -1000 40
 15 1869.68 1869.68 40
 15 2211.15 2211.15 40
 15 2213.97 2213.97 40
 15 2217.99 2217.99 40
 15 2223.84 2223.84 40
 15 2233.15 2233.15 40
 15 2214.6 2233.15 40
 15 2176.5 2233.15 40
 15 2127.01 2233.15 40
 15 2072.51 2233.15 40
 15 2020.93 2233.15 40
 15 1961.74 2233.15 40
 15 1886.44 2233.15 40
 15 1812.64 2233.15 40
 15 1742.45 2233.15 40
 15 1679.39 2233.15 40
 15 1619.76 2233.15 40
 15 1570.31 2233.15 40
 15 1528.43 2233.15 40
 15 1494.83 2233.15 40
 15 1472.35 2233.15 40
 15 1455.2 2233.15 40
 15 1436.65 2233.15 40
 15 1427.58 2233.15 40
 15 1419.28 2233.15 40
 15 1411.3 2233.15 40
 15 1404.32 2233.15 40
 15 1404.61 2233.15 40
 15 1403.1 2233.15 40
 11 0 -1000 50
 11 0 0 50
 11 0 0 50
 11 982.224 982.224 50
 11 2580.45 2580.45 50
 11 2589.23 2589.23 50
 11 2605.61 2605.61 50
 11 2628.64 2628.64 50
 11 2658.21 2658.21 50
 11 2687.26 2687.26 50
 11 2685.87 2687.26 50
 11 2666.08 2687.26 50
 11 2627.96 2687.26 50
 11 2585.36 2687.26 50
 11 2541 2687.26 50
 11 2491.78 2687.26 50
 11 2420.02 2687.26 50
 11 2341.99 2687.26 50
 11 2261.43 2687.26 50
 11 2193.69 2687.26 50
 11 2133.16 2687.26 50
 11 2077.03 2687.26 50
 11 2034.19 2687.26 50
 11 1998.26 2687.26 50
 11 1972.62 2687.26 50
 11 1953.59 2687.26 50
 11 1936.74 2687.26 50
 11 1923.79 2687.26 50
 11 1915.38 2687.26 50
 11 1909.94 2687.26 50
 4 0 -1000 50
 4 756.732 756.732 50
 4 2118.65 2118.65 50
 4 2284.07 2284.07 50
 4 2284.52 2284.52 50
 4 2290.8 2290.8 50
 4 2283.22 2290.8 50
 4 2253.84 2290.8 50
 4 2213.82 2290.8 50
 4 2169.85 2290.8 50
 4 2117.88 2290.8 50
 4 2041.82 2290.8 50
 4 1956.39 2290.8 50
 4 1873.51 2290.8 50
 4 1791.42 2290.8 50
 4 1717.32 2290.8 50
 4 1631.31 2290.8 50
 4 1614.44 2290.8 50
 4 1582.45 2290.8 50
 4 1533.35 2290.8 50
 4 1487.06 2290.8 50
 4 1434.71 2290.8 50
 4 1386.77 2290.8 50
 4 1342.5 2290.8 50
 4 1305.1 2290.8 50
 4 1267.79 2290.8 50
 4 1233.09 2290.8 50
 4 1212.69 2290.8 50
 4 1193.51 2290.8 50
 4 1179.94 2290.8 50
 1 0 -1000 50
 1 0 0 50
 1 264.276 264.276 50
 1 2696.37 2696.37 50
 1 2753.2 2753.2 50
 1 2764.04 2764.04 50
 1 2783.48 2783.48 50
 1 2807.37 2807.37 50
 1 2806.48 2807.37 50
 1 2792.32 2807.37 50
 1 2770.48 2807.37 50
 1 2743.08 2807.37 50
 1 2696.66 2807.37 50
 1 2633.86 2807.37 50
 1 2567.81 2807.37 50
 1 2502.99 2807.37 50
 1 2449.25 2807.37 50
 1 2372.05 2807.37 50
 1 2290.83 2807.37 50
 1 2206.58 2807.37 50
 1 2127.23 2807.37 50
 1 2052.29 2807.37 50
 1 2088.88 2807.37 50
 1 2090.59 2807.37 50
 1 2072.87 2807.37 50
 1 2044.64 2807.37 50
 1 2004.27 2807.37 50
 1 1961.65 2807.37 50
 1 1920.62 2807.37 50
 1 1879.98 2807.37 50
 10 0 -1000 50
 10 0 0 50
 10 1189.97 1189.97 50
 10 2738.01 2738.01 50
 10 2747.82 2747.82 50
 10 2762.47 2762.47 50
 10 2783.75 2783.75 50
 10 2802.72 2802.72 50
 10 2827.7 2827.7 50
 10 2824.49 2827.7 50
 10 2780.68 2827.7 50
 10 2716.05 2827.7 50
 10 2641.4 2827.7 50
 10 2563.54 2827.7 50
 10 2496.96 2827.7 50
 10 2452.24 2827.7 50
 10 2368.32 2827.7 50
 10 2271.51 2827.7 50
 10 2169.35 2827.7 50
 10 2076.16 2827.7 50
 10 1990.64 2827.7 50
 10 1912.28 2827.7 50
 10 1843.17 2827.7 50
 10 1784.05 2827.7 50
 10 1728.84 2827.7 50
 10 1683.32 2827.7 50
 10 1646.51 2827.7 50
 10 1615.74 2827.7 50
 10 1595.06 2827.7 50
 10 1576.07 2827.7 50
 5 0 -1000 50
 5 0 0 50
 5 1265.13 1265.13 50
 5 2669.55 2669.55 50
 5 2680.62 2680.62 50
 5 2698.35 2698.35 50
 5 2719.85 2719.85 50
 5 2746.58 2746.58 50
 5 2777.82 2777.82 50
 5 2804.86 2804.86 50
 5 2819.75 2819.75 50
 5 2799.85 2819.75 50
 5 2756.56 2819.75 50
 5 2700.66 2819.75 50
 5 2646.4 2819.75 50
 5 2589.82 2819.75 50
 5 2529.24 2819.75 50
 5 2481.22 2819.75 50
 5 2406.19 2819.75 50
 5 2339.86 2819.75 50
 5 2277.51 2819.75 50
 5 2220.51 2819.75 50
 5 2175.83 2819.75 50
 5 2138.17 2819.75 50
 5 2109.33 2819.75 50
 5 2084.78 2819.75 50
 5 2066.02 2819.75 50
 5 2056.92 2819.75 50
 5 2050.36 2819.75 50
 5 2040.88 2819.75 50
 15 0 -1000 50
 15 0 0 50
 15 0 0 50
 15 2101.3 2101.3 50
 15 2696.39 2696.39 50
 15 2865.81 2865.81 50
 15 2976.64 2976.64 50
 15 3038.79 3038.79 50
 15 3036.09 3038.79 50
 15 2991.76 3038.79 50
 15 2926.84 3038.79 50
 15 2843.9 3038.79 50
 15 2738.78 3038.79 50
 15 2621.83 3038.79 50
 15 2508.81 3038.79 50
 15 2424.02 3038.79 50
 15 2308.02 3038.79 50
 15 2201.06 3038.79 50
 15 2102.7 3038.79 50
 15 2016.14 3038.79 50
 15 1940.75 3038.79 50
 15 1977.67 3038.79 50
 15 1989.41 3038.79 50
 15 1983.57 3038.79 50
 15 1967.17 3038.79 50
 15 1937.51 3038.79 50
 15 1903.1 3038.79 50
 15 1869.59 3038.79 50
 15 1840.89 3038.79 50
 15 1811.14 3038.79 50
 11 0 -1000 60
 11 0 0 60
 11 1156.91 1156.91 60
 11 2980.38 2980.38 60
 11 2988.52 2988.52 60
 11 3005.3 3005.3 60
 11 3029.86 3029.86 60
 11 3056.09 3056.09 60
 11 3058.36 3058.36 60
 11 3046.74 3058.36 60
 11 3024.7 3058.36 60
 11 3002.56 3058.36 60
 11 2965.83 3058.36 60
 11 2910.22 3058.36 60
 11 2847.58 3058.36 60
 11 2784.93 3058.36 60
 11 2725.01 3058.36 60
 11 2656.65 3058.36 60
 11 2595.62 3058.36 60
 11 2536.83 3058.36 60
 11 2491.77 3058.36 60
 11 2568.24 3058.36 60
 11 2615.19 3058.36 60
 11 2624.19 3058.36 60
 11 2611.85 3058.36 60
 11 2584.6 3058.36 60
 11 2548.03 3058.36 60
 11 2643.49 3058.36 60
 11 2686.88 3058.36 60
 11 2690.53 3058.36 60
 4 0 -1000 60
 4 0 0 60
 4 0 0 60
 4 851.29 851.29 60
 4 2966.2 2966.2 60
 4 2963.21 2966.2 60
 4 2968.81 2968.81 60
 4 2977.23 2977.23 60
 4 2987.63 2987.63 60
 4 3010.58 3010.58 60
 4 3033.22 3033.22 60
 4 3057 3057 60
 4 3033.9 3057 60
 4 2980.99 3057 60
 4 2911.4 3057 60
 4 2834.78 3057 60
 4 2764.42 3057 60
 4 2700.12 3057 60
 4 2635.04 3057 60
 4 2562.73 3057 60
 4 2741.36 3057 60
 4 2826.16 3057 60
 4 2842.01 3057 60
 4 2810.1 3057 60
 4 2753.43 3057 60
 4 2673.25 3057 60
 4 2587.92 3057 60
 4 2503.41 3057 60
 4 2441.9 3057 60
 4 2366.49 3057 60
 1 2499.53 -1000 60
 1 3060.39 3060.39 60
 1 3072.2 3072.2 60
 1 3094.56 3094.56 60
 1 3122.63 3122.63 60
 1 3157.8 3157.8 60
 1 3195.82 3195.82 60
 1 3231.23 3231.23 60
 1 3225.96 3231.23 60
 1 3193.83 3231.23 60
 1 3144.06 3231.23 60
 1 3088.01 3231.23 60
 1 3030.46 3231.23 60
 1 2974.71 3231.23 60
 1 2898.25 3231.23 60
 1 2813.51 3231.23 60
 1 2723.78 3231.23 60
 1 2638.94 3231.23 60
 1 2562.25 3231.23 60
 1 2497.68 3231.23 60
 1 2454.52 3231.23 60
 1 2403.75 3231.23 60
 1 2362.45 3231.23 60
 1 2322.88 3231.23 60
 1 2299.28 3231.23 60
 1 2276.01 3231.23 60
 1 2260.27 3231.23 60
 1 2247.14 3231.23 60
 1 2237.92 3231.23 60
 1 2236.73 3231.23 60
 10 0 -1000 60
 10 0 0 60
 10 119.189 119.189 60
 10 2541.48 2541.48 60
 10 3397.59 3397.59 60
 10 3395.97 3397.59 60
 10 3395.56 3397.59 60
 10 3380.91 3397.59 60
 10 3354.48 3397.59 60
 10 3324.45 3397.59 60
 10 3280.58 3397.59 60
 10 3220.7 3397.59 60
 10 3147.51 3397.59 60
 10 3077.5 3397.59 60
 10 2992.74 3397.59 60
 10 2899.16 3397.59 60
 10 2809.61 3397.59 60
 10 2720.07 3397.59 60
 10 2625.74 3397.59 60
 10 2536.6 3397.59 60
 10 2470.98 3397.59 60
 10 2386.81 3397.59 60
 10 2308.05 3397.59 60
 10 2237.52 3397.59 60
 10 2181.49 3397.59 60
 10 2128.62 3397.59 60
 10 2088.71 3397.59 60
 10 2058.33 3397.59 60
 10 2031.7 3397.59 60
 10 2014.25 3397.59 60
 5 0 -1000 60
 5 0 0 60
 5 146.921 146.921 60
 5 2520.1 2520.1 60
 5 2894.76 2894.76 60
 5 2907.35 2907.35 60
 5 2927.12 2927.12 60
 5 2952.52 2952.52 60
 5 2977.58 2977.58 60
 5 2971.8 2977.58 60
 5 2943.78 2977.58 60
 5 2903.88 2977.58 60
 5 2863.31 2977.58 60
 5 2816.56 2977.58 60
 5 2750.93 2977.58 60
 5 2675.43 2977.58 60
 5 2600.29 2977.58 60
 5 2527.86 2977.58 60
 5 2474.67 2977.58 60
 5 2396.43 2977.58 60
 5 2321.14 2977.58 60
 5 2253.26 2977.58 60
 5 2195.72 2977.58 60
 5 2147.61 2977.58 60
 5 2106.35 2977.58 60
 5 2075.76 2977.58 60
 5 2049.61 2977.58 60
 5 2028.17 2977.58 60
 5 2013.71 2977.58 60
 5 2004.39 2977.58 60
 15 0 -1000 60
 15 0 0 60
 15 724.044 724.044 60
 15 2770.64 2770.64 60
 15 2996.75 2996.75 60
 15 3003.62 3003.62 60
 15 3199.85 3199.85 60
 15 3328.03 3328.03 60
 15 3411.77 3411.77 60
 15 3455.62 3455.62 60
 15 3457.24 3457.24 60
 15 3399.17 3457.24 60
 15 3303.12 3457.24 60
 15 3189.45 3457.24 60
 15 3074.3 3457.24 60
 15 2968.19 3457.24 60
 15 2868.36 3457.24 60
 15 2762.84 3457.24 60
 15 2663.87 3457.24 60
 15 2574.59 3457.24 60
 15 2497.14 3457.24 60
 15 2449.05 3457.24 60
 15 2392.3 3457.24 60
 15 2347.49 3457.24 60
 15 2311.54 3457.24 60
 15 2285.3 3457.24 60
 15 2266.98 3457.24 60
 15 2254.21 3457.24 60
 15 2246.7 3457.24 60
 15 2237.83 3457.24 60
 11 0 -1000 70
 11 0 0 70
 11 1586.01 1586.01 70
 11 3094.98 3094.98 70
 11 3111.16 3111.16 70
 11 3139.5 3139.5 70
 11 3178.04 3178.04 70
 11 3222.04 3222.04 70
 11 3271.35 3271.35 70
 11 3322.23 3322.23 70
 11 3338.19 3338.19 70
 11 3321.83 3338.19 70
 11 3277.92 3338.19 70
 11 3219.48 3338.19 70
 11 3156.71 3338.19 70
 11 3096.35 3338.19 70
 11 3041.17 3338.19 70
 11 2975.13 3338.19 70
 11 2905 3338.19 70
 11 2840.94 3338.19 70
 11 2781.04 3338.19 70
 11 2730.22 3338.19 70
 11 2685.8 3338.19 70
 11 2645.53 3338.19 70
 11 2615.13 3338.19 70
 11 2593 3338.19 70
 11 2573.99 3338.19 70
 11 2560.66 3338.19 70
 11 2549.66 3338.19 70
 11 2537.9 3338.19 70
 4 0 -1000 70
 4 0 0 70
 4 1501.77 1501.77 70
 4 3577.35 3577.35 70
 4 3581.22 3581.22 70
 4 3589.21 3589.21 70
 4 3603.02 3603.02 70
 4 3622.3 3622.3 70
 4 3645.98 3645.98 70
 4 3672.8 3672.8 70
 4 3684.33 3684.33 70
 4 3654.61 3684.33 70
 4 3600.29 3684.33 70
 4 3538.93 3684.33 70
 4 3470.02 3684.33 70
 4 3413.01 3684.33 70
 4 3349.64 3684.33 70
 4 3263.3 3684.33 70
 4 3163.53 3684.33 70
 4 3070.86 3684.33 70
 4 2982.87 3684.33 70
 4 2906.73 3684.33 70
 4 2841.08 3684.33 70
 4 2778.85 3684.33 70
 4 2724.06 3684.33 70
 4 2680.71 3684.33 70
 4 2644.5 3684.33 70
 4 2616.98 3684.33 70
 4 2596.37 3684.33 70
 4 2581.9 3684.33 70
 1 0 -1000 70
 1 0 0 70
 1 375.079 375.079 70
 1 3146.67 3146.67 70
 1 3571.12 3571.12 70
 1 3576.01 3576.01 70
 1 3586.2 3586.2 70
 1 3599.77 3599.77 70
 1 3620.63 3620.63 70
 1 3650.56 3650.56 70
 1 3681.72 3681.72 70
 1 3714.87 3714.87 70
 1 3744.77 3744.77 70
 1 3732.1 3744.77 70
 1 3680.28 3744.77 70
 1 3600.26 3744.77 70
 1 3510.74 3744.77 70
 1 3420.1 3744.77 70
 1 3340.1 3744.77 70
 1 3265.03 3744.77 70
 1 3201.57 3744.77 70
 1 3136.09 3744.77 70
 1 3065.81 3744.77 70
 1 2994.7 3744.77 70
 1 2928.99 3744.77 70
 1 2872.42 3744.77 70
 1 2822.29 3744.77 70
 1 2781.86 3744.77 70
 1 2751.63 3744.77 70
 1 2725.91 3744.77 70
 10 0 -1000 70
 10 0 0 70
 10 0 0 70
 10 1954.2 1954.2 70
 10 3904.25 3904.25 70
 10 3897.18 3904.25 70
 10 3891.79 3904.25 70
 10 3880.07 3904.25 70
 10 3836.71 3904.25 70
 10 3774.65 3904.25 70
 10 3706.59 3904.25 70
 10 3638.39 3904.25 70
 10 3567.3 3904.25 70
 10 3478.9 3904.25 70
 10 3384.75 3904.25 70
 10 3296.35 3904.25 70
 10 3201.45 3904.25 70
 10 3104.88 3904.25 70
 10 3009.86 3904.25 70
 10 2925.11 3904.25 70
 10 2841.52 3904.25 70
 10 2754.05 3904.25 70
 10 2670.16 3904.25 70
 10 2593.43 3904.25 70
 10 2524.54 3904.25 70
 10 2489.02 3904.25 70
 10 2442.66 3904.25 70
 10 2400.59 3904.25 70
 10 2370.93 3904.25 70
 10 2349.51 3904.25 70
 5 111.419 -1000 70
 5 0 0 70
 5 117.812 117.812 70
 5 1096.46 1096.46 70
 5 2699.49 2699.49 70
 5 2712.28 2712.28 70
 5 2736.35 2736.35 70
 5 2766.88 2766.88 70
 5 2803.37 2803.37 70
 5 2847.57 2847.57 70
 5 2892.23 2892.23 70
 5 2909.53 2909.53 70
 5 2888.2 2909.53 70
 5 2842.46 2909.53 70
 5 2786.2 2909.53 70
 5 2726.7 2909.53 70
 5 2670.36 2909.53 70
 5 2616.31 2909.53 70
 5 2555.14 2909.53 70
 5 2496.93 2909.53 70
 5 2444.78 2909.53 70
 5 2387.3 2909.53 70
 5 2337.29 2909.53 70
 5 2294.45 2909.53 70
 5 2256.62 2909.53 70
 5 2225.64 2909.53 70
 5 2201.68 2909.53 70
 5 2187.92 2909.53 70
 5 2175.18 2909.53 70
 5 2162.8 2909.53 70
 15 0 -1000 70
 15 0 0 70
 15 2280.46 2280.46 70
 15 3640.21 3640.21 70
 15 3648.64 3648.64 70
 15 3665.41 3665.41 70
 15 3689.82 3689.82 70
 15 3715.09 3715.09 70
 15 3744.95 3744.95 70
 15 3781.07 3781.07 70
 15 3812.07 3812.07 70
 15 3848.31 3848.31 70
 15 3840.91 3848.31 70
 15 3790.93 3848.31 70
 15 3715.15 3848.31 70
 15 3622.32 3848.31 70
 15 3529.91 3848.31 70
 15 3445.96 3848.31 70
 15 3368.04 3848.31 70
 15 3301.95 3848.31 70
 15 3241.47 3848.31 70
 15 3170.54 3848.31 70
 15 3095.54 3848.31 70
 15 3022.51 3848.31 70
 15 2956.91 3848.31 70
 15 2899.4 3848.31 70
 15 2853 3848.31 70
 15 2811.54 3848.31 70
 15 2780.78 3848.31 70
 15 2754.33 3848.31 70
 11 0 -1000 80
 11 0 0 80
 11 2107.54 2107.54 80
 11 3438.12 3438.12 80
 11 3880.66 3880.66 80
 11 4178.03 4178.03 80
 11 4584.73 4584.73 80
 11 4810.45 4810.45 80
 11 4862.8 4862.8 80
 11 4793.46 4862.8 80
 11 4644.21 4862.8 80
 11 4454.08 4862.8 80
 11 4248.1 4862.8 80
 11 4048.26 4862.8 80
 11 3859.02 4862.8 80
 11 3676.1 4862.8 80
 11 3505.1 4862.8 80
 11 3355.36 4862.8 80
 11 3223.26 4862.8 80
 11 3118.92 4862.8 80
 11 3035.99 4862.8 80
 11 2969.83 4862.8 80
 11 2921.81 4862.8 80
 11 2886.11 4862.8 80
 11 2862.04 4862.8 80
 11 2846.77 4862.8 80
 11 2839.5 4862.8 80
 11 2835.05 4862.8 80
 11 2829.59 4862.8 80
 11 2827.96 4862.8 80
 4 100.689 -1000 80
 4 0 0 80
 4 1101.6 1101.6 80
 4 3990.23 3990.23 80
 4 3988.33 3990.23 80
 4 3990.62 3990.62 80
 4 3998.25 3998.25 80
 4 4013.93 4013.93 80
 4 4035.75 4035.75 80
 4 4060.01 4060.01 80
 4 4071.2 4071.2 80
 4 4036.34 4071.2 80
 4 3973.53 4071.2 80
 4 3894.71 4071.2 80
 4 3810.85 4071.2 80
 4 3740.47 4071.2 80
 4 4043.55 4071.2 80
 4 4184.7 4184.7 80
 4 4205.16 4205.16 80
 4 4143.25 4205.16 80
 4 4034.64 4205.16 80
 4 3895.43 4205.16 80
 4 3735.26 4205.16 80
 4 3571.49 4205.16 80
 4 3413.94 4205.16 80
 4 3271.34 4205.16 80
 4 3144.85 4205.16 80
 4 3037.26 4205.16 80
 4 2949 4205.16 80
 4 2874.89 4205.16 80
 1 0 -1000 80
 1 0 0 80
 1 2759.59 2759.59 80
 1 4410.59 4410.59 80
 1 4416.02 4416.02 80
 1 4428.84 4428.84 80
 1 4446.95 4446.95 80
 1 4475.99 4475.99 80
 1 4507.64 4507.64 80
 1 4539.62 4539.62 80
 1 4521.08 4539.62 80
 1 4470.98 4539.62 80
 1 4408.16 4539.62 80
 1 4337.19 4539.62 80
 1 4267.42 4539.62 80
 1 4206.74 4539.62 80
 1 4140.02 4539.62 80
 1 4052.61 4539.62 80
 1 3955.08 4539.62 80
 1 3858.74 4539.62 80
 1 3766.29 4539.62 80
 1 3684.41 4539.62 80
 1 3610.22 4539.62 80
 1 3532.63 4539.62 80
 1 3459.23 4539.62 80
 1 3388.7 4539.62 80
 1 3333.23 4539.62 80
 1 3282.28 4539.62 80
 1 3243.53 4539.62 80
 1 3216.03 4539.62 80
 10 0 -1000 80
 10 0 0 80
 10 655.657 655.657 80
 10 3923.71 3923.71 80
 10 3930.49 3930.49 80
 10 3938.58 3938.58 80
 10 3956.25 3956.25 80
 10 3979.6 3979.6 80
 10 3992.88 3992.88 80
 10 3975.18 3992.88 80
 10 3943.52 3992.88 80
 10 3897.05 3992.88 80
 10 3836.91 3992.88 80
 10 3773.42 3992.88 80
 10 3695.99 3992.88 80
 10 3618.5 3992.88 80
 10 3537.89 3992.88 80
 10 3449.61 3992.88 80
 10 3361.88 3992.88 80
 10 3277.05 3992.88 80
 10 3189.17 3992.88 80
 10 3105.59 3992.88 80
 10 3028.64 3992.88 80
 10 2956.32 3992.88 80
 10 2889.71 3992.88 80
 10 2830.99 3992.88 80
 10 2782.36 3992.88 80
 10 2741.84 3992.88 80
 10 2709.84 3992.88 80
 10 2683.1 3992.88 80
 5 0 -1000 80
 5 0 0 80
 5 0 0 80
 5 2097.15 2097.15 80
 5 3569.37 3569.37 80
 5 3576.69 3576.69 80
 5 3591.68 3591.68 80
 5 3614.83 3614.83 80
 5 3650.23 3650.23 80
 5 3687.56 3687.56 80
 5 3730.57 3730.57 80
 5 3772.17 3772.17 80
 5 3764.68 3772.17 80
 5 3721.91 3772.17 80
 5 3659.13 3772.17 80
 5 3589.91 3772.17 80
 5 3518.06 3772.17 80
 5 3456.05 3772.17 80
 5 3399.85 3772.17 80
 5 3323.97 3772.17 80
 5 3237.65 3772.17 80
 5 3149.72 3772.17 80
 5 3066.67 3772.17 80
 5 2994.23 3772.17 80
 5 2932.72 3772.17 80
 5 2879.05 3772.17 80
 5 2833.19 3772.17 80
 5 2799.11 3772.17 80
 5 2775.45 3772.17 80
 5 2758.66 3772.17 80
 15 0 -1000 80
 15 3260.33 3260.33 80
 15 5101.07 5101.07 80
 15 5100.45 5101.07 80
 15 5108.3 5108.3 80
 15 5120.01 5120.01 80
 15 5140.86 5140.86 80
 15 5164.75 5164.75 80
 15 5194.94 5194.94 80
 15 5224.43 5224.43 80
 15 5255.62 5255.62 80
 15 5230.59 5255.62 80
 15 5689.42 5689.42 80
 15 5931.29 5931.29 80
 15 6012.46 6012.46 80
 15 5982.3 6012.46 80
 15 5876.4 6012.46 80
 15 5691.88 6012.46 80
 15 5453.3 6012.46 80
 15 5195.09 6012.46 80
 15 4941.26 6012.46 80
 15 4702.54 6012.46 80
 15 4490.73 6012.46 80
 15 4310.25 6012.46 80
 15 4156.33 6012.46 80
 15 4027.03 6012.46 80
 15 3917.68 6012.46 80
 15 3833.33 6012.46 80
 15 3768.8 6012.46 80
 15 3720.34 6012.46 80
 11 0 -1000 90
 11 0 0 90
 11 0 0 90
 11 356.902 356.902 90
 11 3393.26 3393.26 90
 11 3658.47 3658.47 90
 11 3855.97 3855.97 90
 11 3998.87 3998.87 90
 11 4109.12 4109.12 90
 11 4192.72 4192.72 90
 11 4251.48 4251.48 90
 11 4288.62 4288.62 90
 11 4314.18 4314.18 90
 11 4290.02 4314.18 90
 11 4207.45 4314.18 90
 11 4095.7 4314.18 90
 11 3972 4314.18 90
 11 3848.21 4314.18 90
 11 3730.14 4314.18 90
 11 3628 4314.18 90
 11 3544.62 4314.18 90
 11 3478.08 4314.18 90
 11 3425.85 4314.18 90
 11 3366.02 4314.18 90
 11 3310.07 4314.18 90
 11 3260.07 4314.18 90
 11 3213.81 4314.18 90
 11 3174.75 4314.18 90
 11 3147.81 4314.18 90
 11 3125.18 4314.18 90
 4 144.016 -1000 90
 4 100.765 100.765 90
 4 0 100.765 90
 4 1448.97 1448.97 90
 4 14273 14273 90
 4 13725.7 14273 90
 4 12841.1 14273 90
 4 11787.1 14273 90
 4 10672.3 14273 90
 4 9588.79 14273 90
 4 8590.07 14273 90
 4 7708.41 14273 90
 4 6968.18 14273 90
 4 6359.52 14273 90
 4 5829.28 14273 90
 4 5355.29 14273 90
 4 4953.9 14273 90
 4 4621.9 14273 90
 4 4362.33 14273 90
 4 4169.14 14273 90
 4 4031.87 14273 90
 4 3944.75 14273 90
 4 3892.5 14273 90
 4 3869.24 14273 90
 4 3862.72 14273 90
 4 3847.17 14273 90
 4 3820.52 14273 90
 4 4008.96 14273 90
 4 4113.38 14273 90
 4 4159.03 14273 90
 1 0 -1000 90
 1 0 0 90
 1 0 0 90
 1 1940.09 1940.09 90
 1 4392.19 4392.19 90
 1 4398.7 4398.7 90
 1 4420.5 4420.5 90
 1 4459.28 4459.28 90
 1 4501.99 4501.99 90
 1 4546.97 4546.97 90
 1 4581.04 4581.04 90
 1 4566.89 4581.04 90
 1 4522.11 4581.04 90
 1 4458.4 4581.04 90
 1 4391.47 4581.04 90
 1 4331.54 4581.04 90
 1 4276.52 4581.04 90
 1 4197.47 4581.04 90
 1 4106.1 4581.04 90
 1 4013.99 4581.04 90
 1 3926.55 4581.04 90
 1 3843.63 4581.04 90
 1 3754.94 4581.04 90
 1 3658.29 4581.04 90
 1 3565 4581.04 90
 1 3479.22 4581.04 90
 1 3403.81 4581.04 90
 1 3331.36 4581.04 90
 1 3266.79 4581.04 90
 1 3211.39 4581.04 90
 10 0 -1000 90
 10 0 0 90
 10 0 0 90
 10 2516.43 2516.43 90
 10 4816.21 4816.21 90
 10 4801.39 4816.21 90
 10 4794.23 4816.21 90
 10 4799.09 4816.21 90
 10 4786.65 4816.21 90
 10 4746.73 4816.21 90
 10 4695.01 4816.21 90
 10 4636.31 4816.21 90
 10 4579.04 4816.21 90
 10 4501.34 4816.21 90
 10 4410.24 4816.21 90
 10 4318.31 4816.21 90
 10 4232.59 4816.21 90
 10 4138.08 4816.21 90
 10 4047.03 4816.21 90
 10 3955.2 4816.21 90
 10 3861.53 4816.21 90
 10 3768.74 4816.21 90
 10 3684.04 4816.21 90
 10 3602.69 4816.21 90
 10 3514.45 4816.21 90
 10 3433.02 4816.21 90
 10 3353.78 4816.21 90
 10 3280.53 4816.21 90
 10 3216.9 4816.21 90
 10 3162.15 4816.21 90
 5 0 -1000 90
 5 0 0 90
 5 0 0 90
 5 334.938 334.938 90
 5 3637.95 3637.95 90
 5 3671.73 3671.73 90
 5 3739.59 3739.59 90
 5 3818.82 3818.82 90
 5 3914.54 3914.54 90
 5 4015.05 4015.05 90
 5 4116.04 4116.04 90
 5 4211.59 4211.59 90
 5 4267.16 4267.16 90
 5 4270.58 4270.58 90
 5 4233.55 4270.58 90
 5 4181.59 4270.58 90
 5 4119.18 4270.58 90
 5 4055.81 4270.58 90
 5 3997.06 4270.58 90
 5 3944.77 4270.58 90
 5 3890.6 4270.58 90
 5 3814.32 4270.58 90
 5 3727.14 4270.58 90
 5 3641.17 4270.58 90
 5 3565.64 4270.58 90
 5 3497.07 4270.58 90
 5 3427.73 4270.58 90
 5 3363.59 4270.58 90
 5 3305.37 4270.58 90
 5 3259.04 4270.58 90
 15 0 -1000 90
 15 512.557 512.557 90
 15 5595.72 5595.72 90
 15 5606.87 5606.87 90
 15 5631.55 5631.55 90
 15 5679.26 5679.26 90
 15 5728.75 5728.75 90
 15 5785.57 5785.57 90
 15 5841.43 5841.43 90
 15 5902.62 5902.62 90
 15 5966.11 5966.11 90
 15 6026.93 6026.93 90
 15 6086.66 6086.66 90
 15 6078.8 6086.66 90
 15 6005.32 6086.66 90
 15 5897.62 6086.66 90
 15 5770.09 6086.66 90
 15 5647.6 6086.66 90
 15 5526.78 6086.66 90
 15 5420.85 6086.66 90
 15 5335.01 6086.66 90
 15 5262.77 6086.66 90
 15 5205.18 6086.66 90
 15 5164.79 6086.66 90
 15 5097.85 6086.66 90
 15 5002.88 6086.66 90
 15 4893.42 6086.66 90
 15 4784.85 6086.66 90
 15 4678.47 6086.66 90
 15 4586.45 6086.66 90
 11 0 -1000 100
 11 0 0 100
 11 0 0 100
 11 569.411 569.411 100
 11 4083.23 4083.23 100
 11 4109.6 4109.6 100
 11 4153.82 4153.82 100
 11 4218.15 4218.15 100
 11 4291.47 4291.47 100
 11 4372.28 4372.28 100
 11 4456.2 4456.2 100
 11 4538.57 4538.57 100
 11 4580.95 4580.95 100
 11 4574.16 4580.95 100
 11 4533.28 4580.95 100
 11 4475.25 4580.95 100
 11 4413.77 4580.95 100
 11 4351.82 4580.95 100
 11 4287.02 4580.95 100
 11 4194.92 4580.95 100
 11 4090.07 4580.95 100
 11 3986.78 4580.95 100
 11 3889.85 4580.95 100
 11 3804.05 4580.95 100
 11 3734.54 4580.95 100
 11 3676.27 4580.95 100
 11 3623.14 4580.95 100
 11 3579.89 4580.95 100
 11 3544.38 4580.95 100
 11 3522.45 4580.95 100
 4 0 -1000 100
 4 0 0 100
 4 102.893 102.893 100
 4 8596.35 8596.35 100
 4 8365.14 8596.35 100
 4 7997.69 8596.35 100
 4 7562.65 8596.35 100
 4 7697.13 8596.35 100
 4 7634.54 8596.35 100
 4 7380.88 8596.35 100
 4 7006.33 8596.35 100
 4 6573.51 8596.35 100
 4 6125.24 8596.35 100
 4 5700.45 8596.35 100
 4 5310.13 8596.35 100
 4 4976.74 8596.35 100
 4 4695.74 8596.35 100
 4 4438.62 8596.35 100
 4 4202.36 8596.35 100
 4 3993.6 8596.35 100
 4 3819.5 8596.35 100
 4 3684.52 8596.35 100
 4 3581.65 8596.35 100
 4 3504.38 8596.35 100
 4 3435.59 8596.35 100
 4 3372.91 8596.35 100
 4 3319.56 8596.35 100
 4 3279.08 8596.35 100
 4 3252.02 8596.35 100
 4 3231.38 8596.35 100
 1 0 -1000 100
 1 233.273 233.273 100
 1 3546.33 3546.33 100
 1 4593.49 4593.49 100
 1 4600.05 4600.05 100
 1 4612.53 4612.53 100
 1 4635.7 4635.7 100
 1 4668.34 4668.34 100
 1 4700.88 4700.88 100
 1 4735.23 4735.23 100
 1 4772.38 4772.38 100
 1 4761.47 4772.38 100
 1 4707.82 4772.38 100
 1 4637.87 4772.38 100
 1 4556.75 4772.38 100
 1 4474.88 4772.38 100
 1 4400.32 4772.38 100
 1 4317.82 4772.38 100
 1 4215.85 4772.38 100
 1 4109.56 4772.38 100
 1 4011.34 4772.38 100
 1 3920 4772.38 100
 1 3843.21 4772.38 100
 1 3766 4772.38 100
 1 3681.46 4772.38 100
 1 3601.64 4772.38 100
 1 3530.75 4772.38 100
 1 3471.64 4772.38 100
 1 3419.93 4772.38 100
 1 3376.73 4772.38 100
 10 0 -1000 100
 10 0 0 100
 10 0 0 100
 10 3137.42 3137.42 100
 10 5066.84 5066.84 100
 10 5059.46 5066.84 100
 10 5054.87 5066.84 100
 10 5058.13 5066.84 100
 10 5065.12 5066.84 100
 10 5039.45 5066.84 100
 10 4991.44 5066.84 100
 10 4934.48 5066.84 100
 10 4881.76 5066.84 100
 10 4814.03 5066.84 100
 10 4729.81 5066.84 100
 10 4641.07 5066.84 100
 10 4554.54 5066.84 100
 10 4448.33 5066.84 100
 10 4328.4 5066.84 100
 10 4213.22 5066.84 100
 10 4105.1 5066.84 100
 10 4014.6 5066.84 100
 10 3943 5066.84 100
 10 3864.41 5066.84 100
 10 3774.49 5066.84 100
 10 3682.73 5066.84 100
 10 3598.27 5066.84 100
 10 3522.74 5066.84 100
 10 3457.41 5066.84 100
 10 3598.86 5066.84 100
 5 0 -1000 100
 5 0 0 100
 5 0 0 100
 5 1955.18 1955.18 100
 5 4116.13 4116.13 100
 5 4125.14 4125.14 100
 5 4138.79 4138.79 100
 5 4162.22 4162.22 100
 5 4193.74 4193.74 100
 5 4232.58 4232.58 100
 5 4276.98 4276.98 100
 5 4325.69 4325.69 100
 5 4375.36 4375.36 100
 5 4391.43 4391.43 100
 5 4354.21 4391.43 100
 5 4287.41 4391.43 100
 5 4202.24 4391.43 100
 5 4119.48 4391.43 100
 5 4039.21 4391.43 100
 5 3964.38 4391.43 100
 5 3872.53 4391.43 100
 5 3775.27 4391.43 100
 5 3681.9 4391.43 100
 5 3593.41 4391.43 100
 5 3521.44 4391.43 100
 5 3456.21 4391.43 100
 5 3402.98 4391.43 100
 5 3360 4391.43 100
 5 3327.08 4391.43 100
 5 3298.33 4391.43 100
 15 0 -1000 100
 15 0 0 100
 15 0 0 100
 15 2896.16 2896.16 100
 15 5219.56 5219.56 100
 15 5218.89 5219.56 100
 15 5226.81 5226.81 100
 15 5239.06 5239.06 100
 15 5262.75 5262.75 100
 15 5298.64 5298.64 100
 15 5334.81 5334.81 100
 15 5377.12 5377.12 100
 15 5415.78 5415.78 100
 15 5410.24 5415.78 100
 15 5346.17 5415.78 100
 15 5512.54 5512.54 100
 15 5568.02 5568.02 100
 15 5541.94 5568.02 100
 15 5470.1 5568.02 100
 15 5373.81 5568.02 100
 15 5265.06 5568.02 100
 15 5150.91 5568.02 100
 15 5012.17 5568.02 100
 15 4854.34 5568.02 100
 15 4693.92 5568.02 100
 15 4544.31 5568.02 100
 15 4409.73 5568.02 100
 15 4295.43 5568.02 100
 15 4202.46 5568.02 100
 15 4125.79 5568.02 100
