 0 0 -1000 30
 0 0 0 30
 0 0 0 30
 0 1045.37 1045.37 30
 0 1357.02 1357.02 30
 0 1324.98 1357.02 30
 0 1329.48 1357.02 30
 0 1326.74 1357.02 30
 0 1307.37 1357.02 30
 0 1278.71 1357.02 30
 0 1247.73 1357.02 30
 0 1211.95 1357.02 30
 0 1172.48 1357.02 30
 0 1131.15 1357.02 30
 0 1094.58 1357.02 30
 0 1059.06 1357.02 30
 0 1030.46 1357.02 30
 0 1006.23 1357.02 30
 0 983.3 1357.02 30
 0 964.592 1357.02 30
 0 949.806 1357.02 30
 0 938.845 1357.02 30
 0 930.348 1357.02 30
 0 922.195 1357.02 30
 0 916.47 1357.02 30
 0 912.989 1357.02 30
 0 910.155 1357.02 30
 0 906.123 1357.02 30
 0 900.933 1357.02 30
 0 895.173 1357.02 30
 12 0 -1000 30
 12 0 0 30
 12 0 0 30
 12 793.466 793.466 30
 12 1123.1 1123.1 30
 12 1338.61 1338.61 30
 12 1331.54 1338.61 30
 12 1312.92 1338.61 30
 12 1286.8 1338.61 30
 12 1248.07 1338.61 30
 12 1199.81 1338.61 30
 12 1144.76 1338.61 30
 12 1079.8 1338.61 30
 12 1009.9 1338.61 30
 12 937.437 1338.61 30
 12 864.039 1338.61 30
 12 794.676 1338.61 30
 12 730.913 1338.61 30
 12 677.206 1338.61 30
 12 630.966 1338.61 30
 12 593.651 1338.61 30
 12 563.225 1338.61 30
 12 540.26 1338.61 30
 12 522.925 1338.61 30
 12 508.112 1338.61 30
 12 500.314 1338.61 30
 12 494.88 1338.61 30
 12 490.286 1338.61 30
 12 488.124 1338.61 30
 12 486.812 1338.61 30
 0 0 -1000 40
 0 0 0 40
 0 132.916 132.916 40
 0 1883.39 1883.39 40
 0 2087.66 2087.66 40
 0 2090.5 2090.5 40
 0 2099.36 2099.36 40
 0 2107.85 2107.85 40
 0 2093.83 2107.85 40
 0 2064.21 2107.85 40
 0 2024.16 2107.85 40
 0 1982.78 2107.85 40
 0 1929.56 2107.85 40
 0 1864.47 2107.85 40
 0 1791.58 2107.85 40
 0 1721.41 2107.85 40
 0 1657.03 2107.85 40
 0 1595.41 2107.85 40
 0 1541.72 2107.85 40
 0 1495.7 2107.85 40
 0 1458.2 2107.85 40
 0 1426.37 2107.85 40
 0 1399.41 2107.85 40
 0 1378.23 2107.85 40
 0 1361.5 2107.85 40
 0 1427.2 2107.85 40
 0 1470.52 2107.85 40
 0 1490.06 2107.85 40
 0 1492.08 2107.85 40
 0 1485.84 2107.85 40
 12 0 -1000 40
 12 364.591 364.591 40
 12 1098.35 1098.35 40
 12 1214.19 1214.19 40
 12 1385.14 1385.14 40
 12 1387.24 1387.24 40
 12 1381.2 1387.24 40
 12 1358.3 1387.24 40
 12 1323.55 1387.24 40
 12 1279.05 1387.24 40
 12 1227.12 1387.24 40
 12 1164.07 1387.24 40
 12 1092.61 1387.24 40
 12 1016.96 1387.24 40
 12 941.663 1387.24 40
 12 869.577 1387.24 40
 12 805.755 1387.24 40
 12 748.228 1387.24 40
 12 699.811 1387.24 40
 12 657.734 1387.24 40
 12 623.602 1387.24 40
 12 597.507 1387.24 40
 12 577.941 1387.24 40
 12 561.802 1387.24 40
 12 551.207 1387.24 40
 12 542.763 1387.24 40
 12 537.462 1387.24 40
 12 532.651 1387.24 40
 12 531.097 1387.24 40
 12 529.738 1387.24 40
 0 0 -1000 50
 0 0 0 50
 0 610.396 610.396 50
 0 2837.38 2837.38 50
 0 3073.68 3073.68 50
 0 3077.68 3077.68 50
 0 3079.62 3079.62 50
 0 3087.5 3087.5 50
 0 3103.44 3103.44 50
 0 3120.31 3120.31 50
 0 3138.25 3138.25 50
 0 3116.23 3138.25 50
 0 3064.52 3138.25 50
 0 2998.34 3138.25 50
 0 2922.1 3138.25 50
 0 2851.13 3138.25 50
 0 2783.49 3138.25 50
 0 2717.69 3138.25 50
 0 2635.26 3138.25 50
 0 2548.08 3138.25 50
 0 2482.79 3138.25 50
 0 2403.59 3138.25 50
 0 2333.26 3138.25 50
 0 2274.32 3138.25 50
 0 2223.08 3138.25 50
 0 2179.52 3138.25 50
 0 2143.38 3138.25 50
 0 2115.41 3138.25 50
 0 2096.21 3138.25 50
 0 2085.42 3138.25 50
 12 0 -1000 50
 12 0 0 50
 12 0 0 50
 12 1914.53 1914.53 50
 12 2873.98 2873.98 50
 12 2868.38 2873.98 50
 12 2863.04 2873.98 50
 12 2859.9 2873.98 50
 12 2858.24 2873.98 50
 12 2857.15 2873.98 50
 12 2826.52 2873.98 50
 12 2775.14 2873.98 50
 12 2712.14 2873.98 50
 12 2647.38 2873.98 50
 12 2585.16 2873.98 50
 12 2520.76 2873.98 50
 12 2462.61 2873.98 50
 12 2375.97 2873.98 50
 12 2289.9 2873.98 50
 12 2212.02 2873.98 50
 12 2141.52 2873.98 50
 12 2080.32 2873.98 50
 12 2023.22 2873.98 50
 12 1977.48 2873.98 50
 12 1940.13 2873.98 50
 12 1911.69 2873.98 50
 12 1893.08 2873.98 50
 12 1876.32 2873.98 50
 12 1865.17 2873.98 50
 12 1857.53 2873.98 50
 0 0 -1000 60
 0 0 0 60
 0 1231.1 1231.1 60
 0 3086.82 3086.82 60
 0 3101.15 3101.15 60
 0 3125.38 3125.38 60
 0 3161.52 3161.52 60
 0 3205.22 3205.22 60
 0 3249.15 3249.15 60
 0 3283.43 3283.43 60
 0 3278.89 3283.43 60
 0 3242.82 3283.43 60
 0 3193.3 3283.43 60
 0 3139.98 3283.43 60
 0 3086.47 3283.43 60
 0 3025.88 3283.43 60
 0 2947.61 3283.43 60
 0 2857.04 3283.43 60
 0 2764.11 3283.43 60
 0 2680.3 3283.43 60
 0 2605.23 3283.43 60
 0 2535.84 3283.43 60
 0 2494.2 3283.43 60
 0 2447.96 3283.43 60
 0 2407.49 3283.43 60
 0 2375.52 3283.43 60
 0 2349.48 3283.43 60
 0 2327.72 3283.43 60
 0 2313.57 3283.43 60
 0 2306.58 3283.43 60
 12 0 -1000 60
 12 106.17 106.17 60
 12 1775.01 1775.01 60
 12 2392 2392 60
 12 2396.75 2396.75 60
 12 2402.43 2402.43 60
 12 2404.43 2404.43 60
 12 2408.79 2408.79 60
 12 2413.84 2413.84 60
 12 2424.28 2424.28 60
 12 2437.01 2437.01 60
 12 2417.38 2437.01 60
 12 2366.15 2437.01 60
 12 2299.92 2437.01 60
 12 2229.67 2437.01 60
 12 2270.9 2437.01 60
 12 2259.01 2437.01 60
 12 2210.25 2437.01 60
 12 2142.11 2437.01 60
 12 2065.11 2437.01 60
 12 1981.93 2437.01 60
 12 1901.93 2437.01 60
 12 1828.97 2437.01 60
 12 1765.77 2437.01 60
 12 1712.22 2437.01 60
 12 1666.38 2437.01 60
 12 1627.78 2437.01 60
 12 1597.99 2437.01 60
 12 1578.06 2437.01 60
 12 1559.16 2437.01 60
 0 0 -1000 70
 0 459.562 459.562 70
 0 3825.36 3825.36 70
 0 3858.23 3858.23 70
 0 3910.85 3910.85 70
 0 3985.09 3985.09 70
 0 4061.05 4061.05 70
 0 4148.76 4148.76 70
 0 4230.54 4230.54 70
 0 4311.76 4311.76 70
 0 4387.11 4387.11 70
 0 4455.55 4455.55 70
 0 4520.53 4520.53 70
 0 4560.27 4560.27 70
 0 4533.21 4560.27 70
 0 4457.25 4560.27 70
 0 4353.18 4560.27 70
 0 4237.24 4560.27 70
 0 4123.48 4560.27 70
 0 4018.15 4560.27 70
 0 3923.76 4560.27 70
 0 3840.87 4560.27 70
 0 3751.19 4560.27 70
 0 3657.61 4560.27 70
 0 3568.36 4560.27 70
 0 3486.95 4560.27 70
 0 3411.76 4560.27 70
 0 3348.85 4560.27 70
 0 3295.33 4560.27 70
 0 3256.39 4560.27 70
 12 0 -1000 70
 12 169.383 169.383 70
 12 2480.4 2480.4 70
 12 2867.65 2867.65 70
 12 2870.6 2870.6 70
 12 2877.86 2877.86 70
 12 2887.59 2887.59 70
 12 2898.3 2898.3 70
 12 2911.42 2911.42 70
 12 2929.87 2929.87 70
 12 2954.45 2954.45 70
 12 2974.66 2974.66 70
 12 2942.25 2974.66 70
 12 2874.83 2974.66 70
 12 2789.7 2974.66 70
 12 2699.55 2974.66 70
 12 2609.98 2974.66 70
 12 2524.57 2974.66 70
 12 2476.05 2974.66 70
 12 2415.33 2974.66 70
 12 2351.99 2974.66 70
 12 2294.54 2974.66 70
 12 2243.08 2974.66 70
 12 2201.9 2974.66 70
 12 2164.94 2974.66 70
 12 2136.68 2974.66 70
 12 2115.02 2974.66 70
 12 2096.39 2974.66 70
 12 2082.19 2974.66 70
 12 2074.11 2974.66 70
 0 0 -1000 80
 0 0 0 80
 0 1148.44 1148.44 80
 0 4808.18 4808.18 80
 0 4806.52 4808.18 80
 0 4806.2 4808.18 80
 0 4818.85 4818.85 80
 0 4839.47 4839.47 80
 0 4870.37 4870.37 80
 0 4904.55 4904.55 80
 0 4943.14 4943.14 80
 0 4958.52 4958.52 80
 0 4926.43 4958.52 80
 0 4875.12 4958.52 80
 0 4812.48 4958.52 80
 0 4750.41 4958.52 80
 0 4686.07 4958.52 80
 0 4601.49 4958.52 80
 0 4503.11 4958.52 80
 0 4400.68 4958.52 80
 0 4302.23 4958.52 80
 0 4214.52 4958.52 80
 0 4120.04 4958.52 80
 0 4016.69 4958.52 80
 0 3918.13 4958.52 80
 0 3825.54 4958.52 80
 0 3745.63 4958.52 80
 0 3676.53 4958.52 80
 0 3618.3 4958.52 80
 0 3570.91 4958.52 80
 12 0 -1000 80
 12 0 0 80
 12 356.985 356.985 80
 12 3978.26 3978.26 80
 12 4010.43 4010.43 80
 12 4062.7 4062.7 80
 12 4130.25 4130.25 80
 12 4202.05 4202.05 80
 12 4285.68 4285.68 80
 12 4368 4368 80
 12 4442.25 4442.25 80
 12 4512.53 4512.53 80
 12 4576.47 4576.47 80
 12 4609.68 4609.68 80
 12 4577.77 4609.68 80
 12 4505.53 4609.68 80
 12 4417.36 4609.68 80
 12 4319.51 4609.68 80
 12 4220.26 4609.68 80
 12 4132.35 4609.68 80
 12 4052.58 4609.68 80
 12 3987.62 4609.68 80
 12 3935.5 4609.68 80
 12 3872.56 4609.68 80
 12 3796.72 4609.68 80
 12 3718.16 4609.68 80
 12 3644.45 4609.68 80
 12 3575.07 4609.68 80
 12 3515.32 4609.68 80
 12 3457.99 4609.68 80
 0 0 -1000 90
 0 0 0 90
 0 763.254 763.254 90
 0 4606.54 4606.54 90
 0 4632.01 4632.01 90
 0 4668.57 4668.57 90
 0 4718.77 4718.77 90
 0 4785.4 4785.4 90
 0 4857.37 4857.37 90
 0 4935.06 4935.06 90
 0 5019.54 5019.54 90
 0 5095.55 5095.55 90
 0 5176.23 5176.23 90
 0 5237.81 5237.81 90
 0 5222.21 5237.81 90
 0 5161.1 5237.81 90
 0 5078.56 5237.81 90
 0 4985.09 5237.81 90
 0 4891.09 5237.81 90
 0 4807.75 5237.81 90
 0 4730.59 5237.81 90
 0 4663.85 5237.81 90
 0 4583.44 5237.81 90
 0 4483.18 5237.81 90
 0 4384.96 5237.81 90
 0 4288.63 5237.81 90
 0 4201.79 5237.81 90
 0 4124.72 5237.81 90
 0 4059.55 5237.81 90
 0 4005.26 5237.81 90
 12 0 -1000 90
 12 293.202 293.202 90
 12 4839.29 4839.29 90
 12 4879.57 4879.57 90
 12 4950.23 4950.23 90
 12 5040.93 5040.93 90
 12 5140.52 5140.52 90
 12 5249.43 5249.43 90
 12 5353.36 5353.36 90
 12 5451.47 5451.47 90
 12 5543.66 5543.66 90
 12 5627.48 5627.48 90
 12 5696.12 5696.12 90
 12 5692.81 5696.12 90
 12 5644.16 5696.12 90
 12 5565.12 5696.12 90
 12 5479.47 5696.12 90
 12 5384.35 5696.12 90
 12 5296.51 5696.12 90
 12 5217.48 5696.12 90
 12 5143.94 5696.12 90
 12 5045.72 5696.12 90
 12 4935.95 5696.12 90
 12 4833.8 5696.12 90
 12 4732.91 5696.12 90
 12 4636.91 5696.12 90
 12 4556.11 5696.12 90
 12 4483.65 5696.12 90
 12 4411.25 5696.12 90
 12 4335.27 5696.12 90
 0 0 -1000 100
 0 0 0 100
 0 0 0 100
 0 2636.48 2636.48 100
 0 5459.14 5459.14 100
 0 5487.74 5487.74 100
 0 5516.32 5516.32 100
 0 5564.05 5564.05 100
 0 5615.47 5615.47 100
 0 5678.27 5678.27 100
 0 5698.79 5698.79 100
 0 5653.15 5698.79 100
 0 5563.98 5698.79 100
 0 5462.35 5698.79 100
 0 5353.87 5698.79 100
 0 5257.88 5698.79 100
 0 5172.15 5698.79 100
 0 5108.2 5698.79 100
 0 5064.95 5698.79 100
 0 5029.7 5698.79 100
 0 5011.27 5698.79 100
 0 5001.22 5698.79 100
 0 4978.24 5698.79 100
 0 4900.67 5698.79 100
 0 4793.1 5698.79 100
 0 4907.26 5698.79 100
 0 4937.73 5698.79 100
 0 4903.59 5698.79 100
 0 4831.28 5698.79 100
 0 4740.42 5698.79 100
 12 4919.41 -1000 100
 12 5003.43 5003.43 100
 12 5154.44 5154.44 100
 12 5335.14 5335.14 100
 12 5532.37 5532.37 100
 12 5723.09 5723.09 100
 12 5923.66 5923.66 100
 12 6092.55 6092.55 100
 12 6209.76 6209.76 100
 12 6258.32 6258.32 100
 12 6252.98 6258.32 100
 12 6219.28 6258.32 100
 12 6167.65 6258.32 100
 12 6111.1 6258.32 100
 12 6053.03 6258.32 100
 12 5996.84 6258.32 100
 12 5940.11 6258.32 100
 12 5855.84 6258.32 100
 12 5747.48 6258.32 100
 12 5631.9 6258.32 100
 12 5517.77 6258.32 100
 12 5411.44 6258.32 100
 12 5318.46 6258.32 100
 12 5230.23 6258.32 100
 12 5156.53 6258.32 100
 12 5075.01 6258.32 100
 12 4991.5 6258.32 100
 12 4913.83 6258.32 100
 12 4842.67 6258.32 100
 12 4776.26 6258.32 100
 0 102.583 -1000 110
 0 1136.73 1136.73 110
 0 6045.47 6045.47 110
 0 6024.51 6045.47 110
 0 6017.47 6045.47 110
 0 6020.68 6045.47 110
 0 6034.06 6045.47 110
 0 6051.16 6051.16 110
 0 6088.09 6088.09 110
 0 6124.13 6124.13 110
 0 6179.76 6179.76 110
 0 6217.55 6217.55 110
 0 6268.2 6268.2 110
 0 6269.81 6269.81 110
 0 6212.41 6269.81 110
 0 6114.3 6269.81 110
 0 6002.67 6269.81 110
 0 5893.05 6269.81 110
 0 5786.31 6269.81 110
 0 5693.09 6269.81 110
 0 5613.1 6269.81 110
 0 5545.37 6269.81 110
 0 5494.75 6269.81 110
 0 5409.61 6269.81 110
 0 5308.38 6269.81 110
 0 5204.35 6269.81 110
 0 5100.13 6269.81 110
 0 5013.43 6269.81 110
 0 4931.89 6269.81 110
 0 4861.35 6269.81 110
 12 0 -1000 110
 12 0 0 110
 12 0 0 110
 12 0 0 110
 12 7110.87 7110.87 110
 12 9073.37 9073.37 110
 12 10237.3 10237.3 110
 12 10773.2 10773.2 110
 12 10863.1 10863.1 110
 12 10628.6 10863.1 110
 12 10185 10863.1 110
 12 9620.32 10863.1 110
 12 8998.35 10863.1 110
 12 8372.43 10863.1 110
 12 7771.15 10863.1 110
 12 7210.16 10863.1 110
 12 6718.18 10863.1 110
 12 6286.72 10863.1 110
 12 5917.26 10863.1 110
 12 5630.66 10863.1 110
 12 5393.14 10863.1 110
 12 5026.04 10863.1 110
 12 4384.35 10863.1 110
 12 3597.16 10863.1 110
 12 2763.18 10863.1 110
 12 1996.79 10863.1 110
 12 1348.56 10863.1 110
 12 1012.96 10863.1 110
 12 1103.17 10863.1 110
 12 1442.23 10863.1 110
 0 0 -1000 120
 0 0 0 120
 0 0 0 120
 0 4398.33 4398.33 120
 0 8660.58 8660.58 120
 0 8416.65 8660.58 120
 0 8108.77 8660.58 120
 0 7832.5 8660.58 120
 0 7590.8 8660.58 120
 0 7344.27 8660.58 120
 0 6746.12 8660.58 120
 0 3375.06 8660.58 120
 0 6778.29 8660.58 120
 0 6745.81 8660.58 120
 0 6794.07 8660.58 120
 0 6732.46 8660.58 120
 0 6627.52 8660.58 120
 0 6505.85 8660.58 120
 0 6376.05 8660.58 120
 0 6245.45 8660.58 120
 0 6135.58 8660.58 120
 0 6031.68 8660.58 120
 0 5942.61 8660.58 120
 0 5870.61 8660.58 120
 0 5781.58 8660.58 120
 0 5683.6 8660.58 120
 0 5588.05 8660.58 120
 0 5496.29 8660.58 120
 0 5414.3 8660.58 120
 0 5332.28 8660.58 120
 12 0 -1000 120
 12 493.534 493.534 120
 12 5723.41 5723.41 120
 12 5749.9 5749.9 120
 12 5793.02 5793.02 120
 12 5861.06 5861.06 120
 12 5924.43 5924.43 120
 12 5996.68 5996.68 120
 12 6070.32 6070.32 120
 12 6146.22 6146.22 120
 12 6206.33 6206.33 120
 12 6202.2 6206.33 120
 12 6163.6 6206.33 120
 12 6093.16 6206.33 120
 12 6018.08 6206.33 120
 12 5939.45 6206.33 120
 12 5858.76 6206.33 120
 12 5792.74 6206.33 120
 12 5739.1 6206.33 120
 12 5657.91 6206.33 120
 12 5565.95 6206.33 120
 12 5472.26 6206.33 120
 12 5381.62 6206.33 120
 12 5296.64 6206.33 120
 12 5219.41 6206.33 120
 12 5144.88 6206.33 120
 12 5064.75 6206.33 120
 12 4990.69 6206.33 120
 12 4919.57 6206.33 120
 12 4853.77 6206.33 120
 0 0 -1000 130
 0 0 0 130
 0 0 0 130
 0 0 0 130
 0 0 0 130
 0 0 0 130
 0 0 0 130
 0 0 0 130
 0 0 0 130
 0 0 0 130
 0 0 0 130
 0 103.431 103.431 130
 0 108.868 108.868 130
 0 0 108.868 130
 0 0 108.868 130
 0 0 108.868 130
 0 0 108.868 130
 0 0 108.868 130
 0 0 108.868 130
 0 0 108.868 130
 0 0 108.868 130
 0 0 108.868 130
 0 0 108.868 130
 0 0 108.868 130
 0 0 108.868 130
 0 0 108.868 130
 0 0 108.868 130
 0 0 108.868 130
 0 0 108.868 130
 0 0 108.868 130
