 13 0 -1000 30
 13 0 0 30
 13 0 0 30
 13 2511.39 2511.39 30
 13 1253.7 2511.39 30
 13 1264.76 2511.39 30
 13 1295.48 2511.39 30
 13 1333.97 2511.39 30
 13 1358.51 2511.39 30
 13 1357.14 2511.39 30
 13 1345.29 2511.39 30
 13 1325.65 2511.39 30
 13 1295.29 2511.39 30
 13 1241.84 2511.39 30
 13 1183.18 2511.39 30
 13 1117.27 2511.39 30
 13 1047.83 2511.39 30
 13 980.673 2511.39 30
 13 915.261 2511.39 30
 13 858.604 2511.39 30
 13 811.403 2511.39 30
 13 787.91 2511.39 30
 13 767.043 2511.39 30
 13 740.82 2511.39 30
 13 715.623 2511.39 30
 13 692.863 2511.39 30
 13 759.277 2511.39 30
 13 801.201 2511.39 30
 13 820.185 2511.39 30
 13 817.439 2511.39 30
 10 0 -1000 30
 10 0 0 30
 10 0 0 30
 10 845.059 845.059 30
 10 845.96 845.96 30
 10 883.865 883.865 30
 10 942.522 942.522 30
 10 1003.06 1003.06 30
 10 1048.72 1048.72 30
 10 1076.33 1076.33 30
 10 1092.56 1092.56 30
 10 1096.95 1096.95 30
 10 1080.47 1096.95 30
 10 1054.37 1096.95 30
 10 1022.79 1096.95 30
 10 990.957 1096.95 30
 10 958.978 1096.95 30
 10 929.905 1096.95 30
 10 897.555 1096.95 30
 10 873.376 1096.95 30
 10 850.754 1096.95 30
 10 834.323 1096.95 30
 10 820.562 1096.95 30
 10 808.548 1096.95 30
 10 796.541 1096.95 30
 10 780.973 1096.95 30
 10 774.4 1096.95 30
 10 771.116 1096.95 30
 10 764.442 1096.95 30
 10 760.961 1096.95 30
 8 0 -1000 30
 8 0 0 30
 8 470.235 470.235 30
 8 1312.51 1312.51 30
 8 1553.71 1553.71 30
 8 1557.25 1557.25 30
 8 1564.19 1564.19 30
 8 1578.23 1578.23 30
 8 1588.59 1588.59 30
 8 1567.11 1588.59 30
 8 1521.92 1588.59 30
 8 1467.88 1588.59 30
 8 1409.79 1588.59 30
 8 1350.12 1588.59 30
 8 1296.76 1588.59 30
 8 1227.61 1588.59 30
 8 1157.95 1588.59 30
 8 1091.41 1588.59 30
 8 1031.7 1588.59 30
 8 979.962 1588.59 30
 8 939.204 1588.59 30
 8 927.952 1588.59 30
 8 915.311 1588.59 30
 8 901.158 1588.59 30
 8 884.55 1588.59 30
 8 870.446 1588.59 30
 8 856.821 1588.59 30
 8 843.519 1588.59 30
 8 830.339 1588.59 30
 8 819.996 1588.59 30
 14 0 -1000 30
 14 0 0 30
 14 248.955 248.955 30
 14 355.249 355.249 30
 14 466.043 466.043 30
 14 558.853 558.853 30
 14 643.695 643.695 30
 14 711.924 711.924 30
 14 772.418 772.418 30
 14 819.17 819.17 30
 14 852.225 852.225 30
 14 871.629 871.629 30
 14 871.422 871.629 30
 14 864.874 871.629 30
 14 848.195 871.629 30
 14 834.286 871.629 30
 14 815.492 871.629 30
 14 794.783 871.629 30
 14 774.575 871.629 30
 14 754.458 871.629 30
 14 733.818 871.629 30
 14 714.701 871.629 30
 14 700.546 871.629 30
 14 689.79 871.629 30
 14 677.679 871.629 30
 14 667.172 871.629 30
 14 659.983 871.629 30
 14 653.577 871.629 30
 14 645.819 871.629 30
 14 639.411 871.629 30
 13 0 -1000 40
 13 101.99 101.99 40
 13 0 101.99 40
 13 1330.39 1330.39 40
 13 2022.71 2022.71 40
 13 2033.98 2033.98 40
 13 2051.58 2051.58 40
 13 2078.65 2078.65 40
 13 2111.4 2111.4 40
 13 2116.29 2116.29 40
 13 2098.7 2116.29 40
 13 2057.99 2116.29 40
 13 2014.47 2116.29 40
 13 1970.38 2116.29 40
 13 1916.85 2116.29 40
 13 1860.71 2116.29 40
 13 1798.41 2116.29 40
 13 1744.32 2116.29 40
 13 1696.18 2116.29 40
 13 1651.4 2116.29 40
 13 1616.48 2116.29 40
 13 1584.45 2116.29 40
 13 1551.52 2116.29 40
 13 1530.82 2116.29 40
 13 1510.46 2116.29 40
 13 1500.2 2116.29 40
 13 1490.44 2116.29 40
 13 1483.23 2116.29 40
 13 1474.15 2116.29 40
 13 1468.78 2116.29 40
 10 0 -1000 40
 10 0 0 40
 10 0 0 40
 10 144.077 144.077 40
 10 1818.9 1818.9 40
 10 1874.93 1874.93 40
 10 1930.53 1930.53 40
 10 1965.91 1965.91 40
 10 1978.13 1978.13 40
 10 1971.28 1978.13 40
 10 1950.13 1978.13 40
 10 1905.14 1978.13 40
 10 1851.62 1978.13 40
 10 1784.29 1978.13 40
 10 1707.85 1978.13 40
 10 1628.32 1978.13 40
 10 1555.9 1978.13 40
 10 1487.09 1978.13 40
 10 1427.99 1978.13 40
 10 1375.99 1978.13 40
 10 1333.34 1978.13 40
 10 1298.7 1978.13 40
 10 1271.29 1978.13 40
 10 1251.47 1978.13 40
 10 1236.65 1978.13 40
 10 1225.5 1978.13 40
 10 1218.01 1978.13 40
 10 1210.25 1978.13 40
 10 1203.37 1978.13 40
 10 1197.85 1978.13 40
 8 0 -1000 40
 8 0 0 40
 8 0 0 40
 8 1307.11 1307.11 40
 8 2017.51 2017.51 40
 8 2023.46 2023.46 40
 8 2030.02 2030.02 40
 8 2046.68 2046.68 40
 8 2050.54 2050.54 40
 8 2038.38 2050.54 40
 8 2015.98 2050.54 40
 8 1985.46 2050.54 40
 8 1944.15 2050.54 40
 8 1888.43 2050.54 40
 8 1826.4 2050.54 40
 8 1763.08 2050.54 40
 8 1693.26 2050.54 40
 8 1624.44 2050.54 40
 8 1555.19 2050.54 40
 8 1491.29 2050.54 40
 8 1432.55 2050.54 40
 8 1386.7 2050.54 40
 8 1347.81 2050.54 40
 8 1313.3 2050.54 40
 8 1289.44 2050.54 40
 8 1267.97 2050.54 40
 8 1250.09 2050.54 40
 8 1233.33 2050.54 40
 8 1224.51 2050.54 40
 8 1221.71 2050.54 40
 14 0 -1000 40
 14 0 0 40
 14 225.645 225.645 40
 14 1212.61 1212.61 40
 14 1297.58 1297.58 40
 14 1385.28 1385.28 40
 14 1495.4 1495.4 40
 14 1605.97 1605.97 40
 14 1699.58 1699.58 40
 14 1758.95 1758.95 40
 14 1788.69 1788.69 40
 14 1799.05 1799.05 40
 14 1793.54 1799.05 40
 14 1773.38 1799.05 40
 14 1740.13 1799.05 40
 14 1697.47 1799.05 40
 14 1652.02 1799.05 40
 14 1606.74 1799.05 40
 14 1557.96 1799.05 40
 14 1520.43 1799.05 40
 14 1487.18 1799.05 40
 14 1459.43 1799.05 40
 14 1438.34 1799.05 40
 14 1419.8 1799.05 40
 14 1401.74 1799.05 40
 14 1389.86 1799.05 40
 14 1379.13 1799.05 40
 14 1370.09 1799.05 40
 14 1368.59 1799.05 40
 14 1366.43 1799.05 40
 13 0 -1000 50
 13 0 0 50
 13 261.092 261.092 50
 13 2629.44 2629.44 50
 13 3152.42 3152.42 50
 13 3231.32 3231.32 50
 13 3285.15 3285.15 50
 13 3318.86 3318.86 50
 13 3331.95 3331.95 50
 13 3338.03 3338.03 50
 13 3323.48 3338.03 50
 13 3270 3338.03 50
 13 3190.94 3338.03 50
 13 3106.38 3338.03 50
 13 3022.49 3338.03 50
 13 2942.56 3338.03 50
 13 2844.7 3338.03 50
 13 2738.4 3338.03 50
 13 2632.64 3338.03 50
 13 2533.89 3338.03 50
 13 2464.16 3338.03 50
 13 2387.61 3338.03 50
 13 2321.29 3338.03 50
 13 2264.17 3338.03 50
 13 2217.21 3338.03 50
 13 2177.88 3338.03 50
 13 2148.33 3338.03 50
 13 2126.25 3338.03 50
 13 2111.03 3338.03 50
 13 2095.44 3338.03 50
 10 0 -1000 50
 10 0 0 50
 10 0 0 50
 10 2516.45 2516.45 50
 10 2529.31 2529.31 50
 10 2547.92 2547.92 50
 10 2559.35 2559.35 50
 10 2562 2562 50
 10 2561.3 2562 50
 10 2607.82 2607.82 50
 10 2603.8 2607.82 50
 10 2588.28 2607.82 50
 10 2549.84 2607.82 50
 10 2493.69 2607.82 50
 10 2437.17 2607.82 50
 10 2354.62 2607.82 50
 10 2261.02 2607.82 50
 10 2163.56 2607.82 50
 10 2064.94 2607.82 50
 10 1975.04 2607.82 50
 10 1894.44 2607.82 50
 10 1825.53 2607.82 50
 10 1771.87 2607.82 50
 10 1728.33 2607.82 50
 10 1690.13 2607.82 50
 10 1660.67 2607.82 50
 10 1638.84 2607.82 50
 10 1624.52 2607.82 50
 10 1618.63 2607.82 50
 10 1611.74 2607.82 50
 8 99.6791 -1000 50
 8 130.512 130.512 50
 8 204.409 204.409 50
 8 2527.27 2527.27 50
 8 3045.31 3045.31 50
 8 3129.05 3129.05 50
 8 3156 3156 50
 8 3183.53 3183.53 50
 8 3191.47 3191.47 50
 8 3193.9 3193.9 50
 8 3154.22 3193.9 50
 8 3079.05 3193.9 50
 8 2988.69 3193.9 50
 8 2898.84 3193.9 50
 8 2812.49 3193.9 50
 8 2736.47 3193.9 50
 8 2651.2 3193.9 50
 8 2546.38 3193.9 50
 8 2453.51 3193.9 50
 8 2341.04 3193.9 50
 8 2236.98 3193.9 50
 8 2149.38 3193.9 50
 8 2076.82 3193.9 50
 8 2012.36 3193.9 50
 8 1963.46 3193.9 50
 8 1927.56 3193.9 50
 8 1901.83 3193.9 50
 8 1887.2 3193.9 50
 8 1875.54 3193.9 50
 8 1867.09 3193.9 50
 14 2871.4 -1000 50
 14 2763.39 2763.39 50
 14 2666.69 2763.39 50
 14 2574.42 2763.39 50
 14 2496.87 2763.39 50
 14 2448.58 2763.39 50
 14 2397.48 2763.39 50
 14 2352.45 2763.39 50
 14 2320.87 2763.39 50
 14 2298.16 2763.39 50
 14 2280.59 2763.39 50
 14 2264.62 2763.39 50
 14 2248.88 2763.39 50
 14 2238.77 2763.39 50
 14 2224.58 2763.39 50
 14 2213.66 2763.39 50
 14 2210.89 2763.39 50
 14 2206.08 2763.39 50
 14 2201.63 2763.39 50
 14 2202.42 2763.39 50
 14 2206.94 2763.39 50
 14 2207.23 2763.39 50
 14 2207.11 2763.39 50
 14 2205.75 2763.39 50
 14 2205.26 2763.39 50
 14 2202.9 2763.39 50
 14 2202.72 2763.39 50
 14 2200.25 2763.39 50
 14 2275.62 2763.39 50
 14 2320.49 2763.39 50
 13 0 -1000 60
 13 0 0 60
 13 1471.7 1471.7 60
 13 3111.64 3111.64 60
 13 3117.01 3117.01 60
 13 3111.86 3117.01 60
 13 3108.56 3117.01 60
 13 3106.17 3117.01 60
 13 3102.23 3117.01 60
 13 3178.64 3178.64 60
 13 3199.54 3199.54 60
 13 3175.11 3199.54 60
 13 3103.81 3199.54 60
 13 2999.81 3199.54 60
 13 2887.05 3199.54 60
 13 2775.23 3199.54 60
 13 2666.36 3199.54 60
 13 2571 3199.54 60
 13 2497.15 3199.54 60
 13 2433.94 3199.54 60
 13 2359.56 3199.54 60
 13 2297.43 3199.54 60
 13 2242.84 3199.54 60
 13 2200.15 3199.54 60
 13 2168.74 3199.54 60
 13 2138.11 3199.54 60
 13 2114.41 3199.54 60
 13 2093.58 3199.54 60
 13 2082.91 3199.54 60
 13 2070.88 3199.54 60
 10 0 -1000 60
 10 0 0 60
 10 102.45 102.45 60
 10 2859.17 2859.17 60
 10 2879.69 2879.69 60
 10 2910.9 2910.9 60
 10 2944.92 2944.92 60
 10 2984.33 2984.33 60
 10 3003.33 3003.33 60
 10 3003.36 3003.36 60
 10 2982 3003.36 60
 10 2952.69 3003.36 60
 10 2916.42 3003.36 60
 10 2859.11 3003.36 60
 10 2840.43 3003.36 60
 10 2790.84 3003.36 60
 10 2725.78 3003.36 60
 10 2650.76 3003.36 60
 10 2571.66 3003.36 60
 10 2494.75 3003.36 60
 10 2414.7 3003.36 60
 10 2327.48 3003.36 60
 10 2251.93 3003.36 60
 10 2185.5 3003.36 60
 10 2125.8 3003.36 60
 10 2076.3 3003.36 60
 10 2040 3003.36 60
 10 2011.75 3003.36 60
 10 1989.95 3003.36 60
 10 1975.6 3003.36 60
 8 0 -1000 60
 8 186.848 186.848 60
 8 3217.62 3217.62 60
 8 3548.71 3548.71 60
 8 3561.53 3561.53 60
 8 3577.11 3577.11 60
 8 3593.61 3593.61 60
 8 3603.83 3603.83 60
 8 3678.5 3678.5 60
 8 3742.83 3742.83 60
 8 3772.64 3772.64 60
 8 3749.26 3772.64 60
 8 3684.68 3772.64 60
 8 3603.56 3772.64 60
 8 3513.92 3772.64 60
 8 3422.21 3772.64 60
 8 3327.71 3772.64 60
 8 3212.11 3772.64 60
 8 3096.17 3772.64 60
 8 2984.16 3772.64 60
 8 2885.02 3772.64 60
 8 2794.76 3772.64 60
 8 2699.2 3772.64 60
 8 2621.66 3772.64 60
 8 2556.38 3772.64 60
 8 2508.2 3772.64 60
 8 2485.69 3772.64 60
 8 2450.14 3772.64 60
 8 2420.7 3772.64 60
 8 2404.81 3772.64 60
 14 0 -1000 60
 14 0 0 60
 14 558.227 558.227 60
 14 3703.92 3703.92 60
 14 3707.12 3707.12 60
 14 3702.68 3707.12 60
 14 3690.56 3707.12 60
 14 3678.95 3707.12 60
 14 3651.38 3707.12 60
 14 3618.02 3707.12 60
 14 3566.69 3707.12 60
 14 3490.51 3707.12 60
 14 3438.9 3707.12 60
 14 3365.18 3707.12 60
 14 3291.74 3707.12 60
 14 3218.5 3707.12 60
 14 3137.28 3707.12 60
 14 3048.19 3707.12 60
 14 2960.42 3707.12 60
 14 2886.55 3707.12 60
 14 2815.59 3707.12 60
 14 2759.45 3707.12 60
 14 2713.84 3707.12 60
 14 2679.05 3707.12 60
 14 2646.99 3707.12 60
 14 2625.09 3707.12 60
 14 2605.86 3707.12 60
 14 2596.17 3707.12 60
 14 2587.04 3707.12 60
 14 2577.59 3707.12 60
 13 0 -1000 70
 13 340.235 340.235 70
 13 4037.83 4037.83 70
 13 4087.43 4087.43 70
 13 4142.43 4142.43 70
 13 4218.61 4218.61 70
 13 4313.35 4313.35 70
 13 4384.14 4384.14 70
 13 4439.71 4439.71 70
 13 4604.56 4604.56 70
 13 4657.36 4657.36 70
 13 4667.81 4667.81 70
 13 4634.49 4667.81 70
 13 4564.22 4667.81 70
 13 4482.01 4667.81 70
 13 4399.01 4667.81 70
 13 4316.87 4667.81 70
 13 4228.16 4667.81 70
 13 4117.07 4667.81 70
 13 3995.46 4667.81 70
 13 3871.09 4667.81 70
 13 3759.51 4667.81 70
 13 3659.05 4667.81 70
 13 3569.55 4667.81 70
 13 3499.42 4667.81 70
 13 3435.67 4667.81 70
 13 3384.18 4667.81 70
 13 3338.72 4667.81 70
 13 3318.25 4667.81 70
 13 3298.88 4667.81 70
 10 0 -1000 70
 10 0 0 70
 10 561.221 561.221 70
 10 3915.07 3915.07 70
 10 3907.83 3915.07 70
 10 3884.53 3915.07 70
 10 3861.73 3915.07 70
 10 3820.46 3915.07 70
 10 3766.58 3915.07 70
 10 3706.96 3915.07 70
 10 3643.09 3915.07 70
 10 3569.24 3915.07 70
 10 3489.7 3915.07 70
 10 3403.18 3915.07 70
 10 3315.98 3915.07 70
 10 3226.62 3915.07 70
 10 3128.21 3915.07 70
 10 3081.3 3915.07 70
 10 3018.48 3915.07 70
 10 2943.72 3915.07 70
 10 2858.72 3915.07 70
 10 2768.14 3915.07 70
 10 2681.74 3915.07 70
 10 2607.56 3915.07 70
 10 2538.46 3915.07 70
 10 2492.21 3915.07 70
 10 2452.98 3915.07 70
 10 2412.78 3915.07 70
 10 2379.47 3915.07 70
 10 2351.42 3915.07 70
 8 0 -1000 70
 8 0 0 70
 8 3198.91 3198.91 70
 8 4049.15 4049.15 70
 8 4048.36 4049.15 70
 8 4062.02 4062.02 70
 8 4073.35 4073.35 70
 8 4085.05 4085.05 70
 8 4084.27 4085.05 70
 8 4072.92 4085.05 70
 8 4061.87 4085.05 70
 8 4137.68 4137.68 70
 8 4158.97 4158.97 70
 8 4131.66 4158.97 70
 8 4066.14 4158.97 70
 8 3980.7 4158.97 70
 8 3889.56 4158.97 70
 8 3799.53 4158.97 70
 8 3684.61 4158.97 70
 8 3561.06 4158.97 70
 8 3443.28 4158.97 70
 8 3331.27 4158.97 70
 8 3232.31 4158.97 70
 8 3144.6 4158.97 70
 8 3068.81 4158.97 70
 8 3011.52 4158.97 70
 8 2966.42 4158.97 70
 8 2934.84 4158.97 70
 8 2901.92 4158.97 70
 8 2886.37 4158.97 70
 14 0 -1000 70
 14 0 0 70
 14 201.826 201.826 70
 14 3064.93 3064.93 70
 14 3138.99 3138.99 70
 14 3265.36 3265.36 70
 14 3412.49 3412.49 70
 14 3566.82 3566.82 70
 14 3711.89 3711.89 70
 14 3829.48 3829.48 70
 14 3924.21 3924.21 70
 14 3978.12 3978.12 70
 14 4004.38 4004.38 70
 14 4002.35 4004.38 70
 14 3974.26 4004.38 70
 14 3952.64 4004.38 70
 14 3916.04 4004.38 70
 14 3851.66 4004.38 70
 14 3770.09 4004.38 70
 14 3683.8 4004.38 70
 14 3589.58 4004.38 70
 14 3504.87 4004.38 70
 14 3429.06 4004.38 70
 14 3360.09 4004.38 70
 14 3297.78 4004.38 70
 14 3247.8 4004.38 70
 14 3208.3 4004.38 70
 14 3174.72 4004.38 70
 14 3156.25 4004.38 70
 14 3136.01 4004.38 70
 13 4956.49 -1000 80
 13 4958.59 4958.59 80
 13 4954.51 4958.59 80
 13 4956.79 4958.59 80
 13 4958.1 4958.59 80
 13 4946.06 4958.59 80
 13 4920.47 4958.59 80
 13 4869.59 4958.59 80
 13 4794.88 4958.59 80
 13 4787.73 4958.59 80
 13 4740.72 4958.59 80
 13 4666.52 4958.59 80
 13 4588.93 4958.59 80
 13 4513.6 4958.59 80
 13 4433.46 4958.59 80
 13 4325.81 4958.59 80
 13 4198.29 4958.59 80
 13 4065.87 4958.59 80
 13 3945.28 4958.59 80
 13 3831.43 4958.59 80
 13 3733.23 4958.59 80
 13 3649.04 4958.59 80
 13 3560.75 4958.59 80
 13 3490.75 4958.59 80
 13 3432.8 4958.59 80
 13 3387.93 4958.59 80
 13 3342.43 4958.59 80
 13 3309.09 4958.59 80
 13 3286.75 4958.59 80
 13 3269.93 4958.59 80
 10 0 -1000 80
 10 0 0 80
 10 1084.82 1084.82 80
 10 3850.47 3850.47 80
 10 3864.32 3864.32 80
 10 3889.69 3889.69 80
 10 3908.98 3908.98 80
 10 3932.95 3932.95 80
 10 3933.14 3933.14 80
 10 3916.1 3933.14 80
 10 3890.11 3933.14 80
 10 3849.77 3933.14 80
 10 3795.1 3933.14 80
 10 3730.29 3933.14 80
 10 3652.95 3933.14 80
 10 3569.81 3933.14 80
 10 3480.52 3933.14 80
 10 3397.17 3933.14 80
 10 3310.57 3933.14 80
 10 3219.02 3933.14 80
 10 3128.01 3933.14 80
 10 3085.08 3933.14 80
 10 3035.44 3933.14 80
 10 2977.24 3933.14 80
 10 2920.88 3933.14 80
 10 2870.84 3933.14 80
 10 2821.62 3933.14 80
 10 2773.64 3933.14 80
 10 2736.5 3933.14 80
 10 2706.15 3933.14 80
 8 0 -1000 80
 8 0 0 80
 8 110.695 110.695 80
 8 3391.9 3391.9 80
 8 5086.61 5086.61 80
 8 5078.16 5086.61 80
 8 5066.22 5086.61 80
 8 5051.61 5086.61 80
 8 5036.96 5086.61 80
 8 5013.34 5086.61 80
 8 4990.1 5086.61 80
 8 4963.99 5086.61 80
 8 4928.35 5086.61 80
 8 5008.04 5086.61 80
 8 5009.48 5086.61 80
 8 4959.44 5086.61 80
 8 4867.81 5086.61 80
 8 4748.03 5086.61 80
 8 4616.85 5086.61 80
 8 4486.29 5086.61 80
 8 4367.85 5086.61 80
 8 4258.12 5086.61 80
 8 4169.42 5086.61 80
 8 4094.96 5086.61 80
 8 4001.57 5086.61 80
 8 3910 5086.61 80
 8 3822.08 5086.61 80
 8 3744.94 5086.61 80
 8 3674.47 5086.61 80
 8 3616.11 5086.61 80
 14 3803.2 -1000 80
 14 3901.64 3901.64 80
 14 4021.18 4021.18 80
 14 4144.06 4144.06 80
 14 4262.09 4262.09 80
 14 4371.94 4371.94 80
 14 4453.12 4453.12 80
 14 4506.98 4506.98 80
 14 4545.64 4545.64 80
 14 4560.53 4560.53 80
 14 4539.49 4560.53 80
 14 4496 4560.53 80
 14 4426.18 4560.53 80
 14 4364.88 4560.53 80
 14 4278.49 4560.53 80
 14 4187.26 4560.53 80
 14 4097.33 4560.53 80
 14 4016.21 4560.53 80
 14 3935.56 4560.53 80
 14 3843.24 4560.53 80
 14 3745.05 4560.53 80
 14 3650.44 4560.53 80
 14 3556.44 4560.53 80
 14 3473.37 4560.53 80
 14 3407.42 4560.53 80
 14 3352.24 4560.53 80
 14 3304.16 4560.53 80
 14 3264.2 4560.53 80
 14 3231.01 4560.53 80
 14 3199.17 4560.53 80
 13 211.138 -1000 90
 13 5252.01 5252.01 90
 13 5303.3 5303.3 90
 13 5366.14 5366.14 90
 13 5451.35 5451.35 90
 13 5532.93 5532.93 90
 13 5613.06 5613.06 90
 13 5680.42 5680.42 90
 13 5725.32 5725.32 90
 13 5771.23 5771.23 90
 13 5802.6 5802.6 90
 13 5813.75 5813.75 90
 13 5857.71 5857.71 90
 13 5829.25 5857.71 90
 13 5758.29 5857.71 90
 13 5652.97 5857.71 90
 13 5538.66 5857.71 90
 13 5425.7 5857.71 90
 13 5311.5 5857.71 90
 13 5208.25 5857.71 90
 13 5120.91 5857.71 90
 13 5042.38 5857.71 90
 13 4933.3 5857.71 90
 13 4816.69 5857.71 90
 13 4694.17 5857.71 90
 13 4577.72 5857.71 90
 13 4474.47 5857.71 90
 13 4384.52 5857.71 90
 13 4315.68 5857.71 90
 13 4263.9 5857.71 90
 10 0 -1000 90
 10 0 0 90
 10 3552.82 3552.82 90
 10 3589.64 3589.64 90
 10 3654.76 3654.76 90
 10 3734.9 3734.9 90
 10 3822.7 3822.7 90
 10 3899.93 3899.93 90
 10 3965.79 3965.79 90
 10 4002.78 4002.78 90
 10 4008.32 4008.32 90
 10 3999.03 4008.32 90
 10 3963.68 4008.32 90
 10 3923.54 4008.32 90
 10 3872.37 4008.32 90
 10 3801.21 4008.32 90
 10 3719 4008.32 90
 10 3629.52 4008.32 90
 10 3542.47 4008.32 90
 10 3452.12 4008.32 90
 10 3372.41 4008.32 90
 10 3305 4008.32 90
 10 3235.72 4008.32 90
 10 3220.03 4008.32 90
 10 3198.03 4008.32 90
 10 3171.44 4008.32 90
 10 3135.56 4008.32 90
 10 3106.63 4008.32 90
 10 3082.91 4008.32 90
 10 3056.41 4008.32 90
 8 0 -1000 90
 8 0 0 90
 8 500.786 500.786 90
 8 5004.42 5004.42 90
 8 5021.41 5021.41 90
 8 5055.83 5055.83 90
 8 5097.26 5097.26 90
 8 5136.93 5136.93 90
 8 5182.3 5182.3 90
 8 5218.56 5218.56 90
 8 5252.21 5252.21 90
 8 5268.1 5268.1 90
 8 5267.08 5268.1 90
 8 5257.77 5268.1 90
 8 5249.72 5268.1 90
 8 5294.47 5294.47 90
 8 5242.14 5294.47 90
 8 5157.99 5294.47 90
 8 5052.25 5294.47 90
 8 4927.8 5294.47 90
 8 4801.65 5294.47 90
 8 4681.67 5294.47 90
 8 4574.38 5294.47 90
 8 4483.39 5294.47 90
 8 4399.4 5294.47 90
 8 4320.85 5294.47 90
 8 4230.02 5294.47 90
 8 4138.95 5294.47 90
 8 4062.61 5294.47 90
 8 3992.5 5294.47 90
 14 5595.61 -1000 90
 14 5620.83 5620.83 90
 14 5633.18 5633.18 90
 14 5634.18 5634.18 90
 14 5610.77 5634.18 90
 14 5568.75 5634.18 90
 14 5513.91 5634.18 90
 14 5444.99 5634.18 90
 14 5375.31 5634.18 90
 14 5297.32 5634.18 90
 14 5219.3 5634.18 90
 14 5154.83 5634.18 90
 14 5057.25 5634.18 90
 14 4955.61 5634.18 90
 14 4855.46 5634.18 90
 14 4760.73 5634.18 90
 14 4668.83 5634.18 90
 14 4580.95 5634.18 90
 14 4492.22 5634.18 90
 14 4419.2 5634.18 90
 14 4356.99 5634.18 90
 14 4298.41 5634.18 90
 14 4253.02 5634.18 90
 14 4211.95 5634.18 90
 14 4181.84 5634.18 90
 14 4162.41 5634.18 90
 14 4142.84 5634.18 90
 14 4133.41 5634.18 90
 14 4123.32 5634.18 90
 14 4119.47 5634.18 90
 13 0 -1000 100
 13 0 0 100
 13 0 0 100
 13 4579.2 4579.2 100
 13 4693.75 4693.75 100
 13 4868.87 4868.87 100
 13 5082.9 5082.9 100
 13 5304.14 5304.14 100
 13 5509.64 5509.64 100
 13 5697.65 5697.65 100
 13 5866.52 5866.52 100
 13 5994.12 5994.12 100
 13 6060.81 6060.81 100
 13 6067.58 6067.58 100
 13 6049.66 6067.58 100
 13 5994.97 6067.58 100
 13 6035.38 6067.58 100
 13 6042.54 6067.58 100
 13 5992.75 6067.58 100
 13 5904.39 6067.58 100
 13 5790.12 6067.58 100
 13 5674.43 6067.58 100
 13 5536.58 6067.58 100
 13 5389.27 6067.58 100
 13 5236.96 6067.58 100
 13 5093.79 6067.58 100
 13 4960.26 6067.58 100
 13 4849.23 6067.58 100
 13 4749.13 6067.58 100
 13 4651.13 6067.58 100
 10 4252.28 -1000 100
 10 4310.12 4310.12 100
 10 4360.62 4360.62 100
 10 4399.27 4399.27 100
 10 4416.26 4416.26 100
 10 4420.96 4420.96 100
 10 4396.47 4420.96 100
 10 4346.63 4420.96 100
 10 4280.23 4420.96 100
 10 4205.76 4420.96 100
 10 4126.9 4420.96 100
 10 4043.43 4420.96 100
 10 3959.46 4420.96 100
 10 3861.81 4420.96 100
 10 3767.84 4420.96 100
 10 3676.7 4420.96 100
 10 3579.79 4420.96 100
 10 3488.83 4420.96 100
 10 3409 4420.96 100
 10 3340.22 4420.96 100
 10 3318.24 4420.96 100
 10 3300.59 4420.96 100
 10 3274.3 4420.96 100
 10 3247.91 4420.96 100
 10 3228.48 4420.96 100
 10 3205.29 4420.96 100
 10 3183.24 4420.96 100
 10 3168.06 4420.96 100
 10 3153.61 4420.96 100
 10 3144.99 4420.96 100
 8 595.049 -1000 100
 8 4480.38 4480.38 100
 8 4505.16 4505.16 100
 8 4542.23 4542.23 100
 8 4580.32 4580.32 100
 8 4623.7 4623.7 100
 8 4662.95 4662.95 100
 8 4695.21 4695.21 100
 8 4724.75 4724.75 100
 8 4741.35 4741.35 100
 8 4752.97 4752.97 100
 8 4741.42 4752.97 100
 8 4689.81 4752.97 100
 8 4601.15 4752.97 100
 8 4507.6 4752.97 100
 8 4402.2 4752.97 100
 8 4294.47 4752.97 100
 8 4190.2 4752.97 100
 8 4093.12 4752.97 100
 8 4097.88 4752.97 100
 8 4065.74 4752.97 100
 8 4008.38 4752.97 100
 8 3936.03 4752.97 100
 8 3844.97 4752.97 100
 8 3760.15 4752.97 100
 8 3674.63 4752.97 100
 8 3600.56 4752.97 100
 8 3526.35 4752.97 100
 8 3464.05 4752.97 100
 8 3408.79 4752.97 100
 14 1219.34 -1000 100
 14 6262.82 6262.82 100
 14 6275.33 6275.33 100
 14 6284.27 6284.27 100
 14 6302.19 6302.19 100
 14 6312.57 6312.57 100
 14 6323.62 6323.62 100
 14 6318.25 6323.62 100
 14 6306.36 6323.62 100
 14 6287.09 6323.62 100
 14 6241.04 6323.62 100
 14 6178.36 6323.62 100
 14 6105.51 6323.62 100
 14 6024.95 6323.62 100
 14 5931.93 6323.62 100
 14 5834.4 6323.62 100
 14 5760.55 6323.62 100
 14 5664.52 6323.62 100
 14 5569.38 6323.62 100
 14 5462.07 6323.62 100
 14 5347.81 6323.62 100
 14 5235.58 6323.62 100
 14 5126.1 6323.62 100
 14 5023.82 6323.62 100
 14 4937.03 6323.62 100
 14 4863.45 6323.62 100
 14 4797.19 6323.62 100
 14 4741.03 6323.62 100
 14 4688.72 6323.62 100
 14 4640.47 6323.62 100
 13 0 -1000 110
 13 0 0 110
 13 0 0 110
 13 5109.69 5109.69 110
 13 5202.56 5202.56 110
 13 5372.42 5372.42 110
 13 5575.43 5575.43 110
 13 5786.57 5786.57 110
 13 6000.91 6000.91 110
 13 6191.62 6191.62 110
 13 6360.01 6360.01 110
 13 6481.26 6481.26 110
 13 6585.9 6585.9 110
 13 6627.54 6627.54 110
 13 6620.65 6627.54 110
 13 6656.03 6656.03 110
 13 6631.17 6656.03 110
 13 6569.05 6656.03 110
 13 6485.18 6656.03 110
 13 6393.54 6656.03 110
 13 6292.12 6656.03 110
 13 6191.66 6656.03 110
 13 6062.41 6656.03 110
 13 5899.67 6656.03 110
 13 5727.47 6656.03 110
 13 5573.36 6656.03 110
 13 5418.17 6656.03 110
 13 5282.32 6656.03 110
 13 5173.92 6656.03 110
 13 5083.41 6656.03 110
 10 5262.92 -1000 110
 10 5253.01 5253.01 110
 10 5238.89 5253.01 110
 10 5193.9 5253.01 110
 10 5123.24 5253.01 110
 10 5049.6 5253.01 110
 10 4955.18 5253.01 110
 10 4859.9 5253.01 110
 10 4766.62 5253.01 110
 10 4667.36 5253.01 110
 10 4563.27 5253.01 110
 10 4452.22 5253.01 110
 10 4341.4 5253.01 110
 10 4236.65 5253.01 110
 10 4134.38 5253.01 110
 10 4034.33 5253.01 110
 10 3991.76 5253.01 110
 10 3906.02 5253.01 110
 10 3828.41 5253.01 110
 10 3762.32 5253.01 110
 10 3704.72 5253.01 110
 10 3649.95 5253.01 110
 10 3608.1 5253.01 110
 10 3570.86 5253.01 110
 10 3538.01 5253.01 110
 10 3519.18 5253.01 110
 10 3505.19 5253.01 110
 10 3488.1 5253.01 110
 10 3479.55 5253.01 110
 10 3471.03 5253.01 110
 8 6008.58 -1000 110
 8 5995.45 5995.45 110
 8 5955.49 5995.45 110
 8 5890.95 5995.45 110
 8 5808.75 5995.45 110
 8 5822.7 5995.45 110
 8 5805.79 5995.45 110
 8 5770.22 5995.45 110
 8 5695.32 5995.45 110
 8 5576.02 5995.45 110
 8 5436 5995.45 110
 8 5284.2 5995.45 110
 8 5136.65 5995.45 110
 8 5004.55 5995.45 110
 8 4890.3 5995.45 110
 8 4781.87 5995.45 110
 8 4688.5 5995.45 110
 8 4609.17 5995.45 110
 8 4534.75 5995.45 110
 8 4472.02 5995.45 110
 8 4433.12 5995.45 110
 8 4397.96 5995.45 110
 8 4373.4 5995.45 110
 8 4344.33 5995.45 110
 8 4322.12 5995.45 110
 8 4310.02 5995.45 110
 8 4301.09 5995.45 110
 8 4299.22 5995.45 110
 8 4413.83 5995.45 110
 8 4496.28 5995.45 110
 14 0 -1000 110
 14 0 0 110
 14 3859.12 3859.12 110
 14 4006.62 4006.62 110
 14 4261.06 4261.06 110
 14 4572.13 4572.13 110
 14 4905.73 4905.73 110
 14 5217.51 5217.51 110
 14 5509.69 5509.69 110
 14 5759.06 5759.06 110
 14 5961.42 5961.42 110
 14 6115.68 6115.68 110
 14 6202.46 6202.46 110
 14 6238.34 6238.34 110
 14 6231.57 6238.34 110
 14 6195.55 6238.34 110
 14 6136.41 6238.34 110
 14 6092.77 6238.34 110
 14 6002.79 6238.34 110
 14 5907.44 6238.34 110
 14 5783.74 6238.34 110
 14 5662.94 6238.34 110
 14 5532.75 6238.34 110
 14 5415.27 6238.34 110
 14 5307.63 6238.34 110
 14 5215.97 6238.34 110
 14 5133.99 6238.34 110
 14 5060.3 6238.34 110
 14 4993.14 6238.34 110
 14 4942.32 6238.34 110
 13 6975.19 -1000 120
 13 6972.17 6972.17 120
 13 6968.97 6972.17 120
 13 6961.41 6972.17 120
 13 6950.75 6972.17 120
 13 6950.78 6972.17 120
 13 6931.12 6972.17 120
 13 6911.88 6972.17 120
 13 6886.53 6972.17 120
 13 6829.49 6972.17 120
 13 6841.02 6972.17 120
 13 6801.13 6972.17 120
 13 6712.6 6972.17 120
 13 6605.74 6972.17 120
 13 6485.36 6972.17 120
 13 6366.66 6972.17 120
 13 6250.38 6972.17 120
 13 6156.82 6972.17 120
 13 6019.8 6972.17 120
 13 5873.89 6972.17 120
 13 5712.14 6972.17 120
 13 5543.74 6972.17 120
 13 5412.47 6972.17 120
 13 5287.03 6972.17 120
 13 5183.89 6972.17 120
 13 5109.21 6972.17 120
 13 5039.52 6972.17 120
 13 4989.24 6972.17 120
 13 4937.95 6972.17 120
 13 4894.54 6972.17 120
 10 103.707 -1000 120
 10 2254.72 2254.72 120
 10 5346.63 5346.63 120
 10 5357.06 5357.06 120
 10 5356.2 5357.06 120
 10 5366.77 5366.77 120
 10 5365.74 5366.77 120
 10 5363.63 5366.77 120
 10 5356.79 5366.77 120
 10 5341.41 5366.77 120
 10 5327.95 5366.77 120
 10 5298.93 5366.77 120
 10 5258.84 5366.77 120
 10 5198.24 5366.77 120
 10 5113.51 5366.77 120
 10 5010.14 5366.77 120
 10 4905.06 5366.77 120
 10 4797.85 5366.77 120
 10 4692.3 5366.77 120
 10 4596.1 5366.77 120
 10 4489.41 5366.77 120
 10 4404.95 5366.77 120
 10 4328.35 5366.77 120
 10 4237.06 5366.77 120
 10 4145.15 5366.77 120
 10 4051.78 5366.77 120
 10 3961.54 5366.77 120
 10 3880.57 5366.77 120
 10 3814.35 5366.77 120
 10 3755.59 5366.77 120
 8 0 -1000 120
 8 0 0 120
 8 2366.16 2366.16 120
 8 6680.9 6680.9 120
 8 6666.15 6680.9 120
 8 6651.16 6680.9 120
 8 6653.07 6680.9 120
 8 6642.77 6680.9 120
 8 6633.2 6680.9 120
 8 6629.47 6680.9 120
 8 6624.56 6680.9 120
 8 6617.49 6680.9 120
 8 6598.79 6680.9 120
 8 6579.96 6680.9 120
 8 6527.85 6680.9 120
 8 6540.56 6680.9 120
 8 6471.84 6680.9 120
 8 6353.57 6680.9 120
 8 6216.26 6680.9 120
 8 6073.19 6680.9 120
 8 5932.05 6680.9 120
 8 5790.96 6680.9 120
 8 5684.17 6680.9 120
 8 5583.57 6680.9 120
 8 5492.67 6680.9 120
 8 5374.77 6680.9 120
 8 5263.59 6680.9 120
 8 5158.96 6680.9 120
 8 5068.48 6680.9 120
 8 4993.42 6680.9 120
 14 0 -1000 120
 14 2297.8 2297.8 120
 14 6378.9 6378.9 120
 14 6421.33 6421.33 120
 14 6472.91 6472.91 120
 14 6530.85 6530.85 120
 14 6586.99 6586.99 120
 14 6632.26 6632.26 120
 14 6668.04 6668.04 120
 14 6689.09 6689.09 120
 14 6686.82 6689.09 120
 14 6676.34 6689.09 120
 14 6632.99 6689.09 120
 14 6573.04 6689.09 120
 14 6497.73 6689.09 120
 14 6410.18 6689.09 120
 14 6294.62 6689.09 120
 14 6184.59 6689.09 120
 14 6086.71 6689.09 120
 14 5996.15 6689.09 120
 14 5922.05 6689.09 120
 14 5826.65 6689.09 120
 14 5714.96 6689.09 120
 14 5599.65 6689.09 120
 14 5483.64 6689.09 120
 14 5377.49 6689.09 120
 14 5273.23 6689.09 120
 14 5187.48 6689.09 120
 14 5123.55 6689.09 120
 14 5061.03 6689.09 120
 13 0 -1000 120
 13 0 0 120
 13 615.022 615.022 120
 13 6394.37 6394.37 120
 13 6415.07 6415.07 120
 13 6451.23 6451.23 120
 13 6510.5 6510.5 120
 13 6570.61 6570.61 120
 13 6625.24 6625.24 120
 13 6675.34 6675.34 120
 13 6718.3 6718.3 120
 13 6749.2 6749.2 120
 13 6752.47 6752.47 120
 13 6750.93 6752.47 120
 13 6688.8 6752.47 120
 13 6691.09 6752.47 120
 13 6630.3 6752.47 120
 13 6533.41 6752.47 120
 13 6416.3 6752.47 120
 13 6290.43 6752.47 120
 13 6172.95 6752.47 120
 13 6058.46 6752.47 120
 13 5960.46 6752.47 120
 13 5870.5 6752.47 120
 13 5789.96 6752.47 120
 13 5675.09 6752.47 120
 13 5542.39 6752.47 120
 13 5398.24 6752.47 120
 13 5266.96 6752.47 120
 13 5149.86 6752.47 120
 10 0 -1000 120
 10 0 0 120
 10 0 0 120
 10 8249.55 8249.55 120
 10 8083.75 8249.55 120
 10 7810.86 8249.55 120
 10 7475.86 8249.55 120
 10 7113.1 8249.55 120
 10 6754.97 8249.55 120
 10 6416.97 8249.55 120
 10 6104.67 8249.55 120
 10 5810.33 8249.55 120
 10 5537.24 8249.55 120
 10 5287.5 8249.55 120
 10 5064.02 8249.55 120
 10 4878.33 8249.55 120
 10 4716.24 8249.55 120
 10 4581.11 8249.55 120
 10 4459.6 8249.55 120
 10 4347.03 8249.55 120
 10 4241.58 8249.55 120
 10 4145.02 8249.55 120
 10 4054.27 8249.55 120
 10 3987.04 8249.55 120
 10 3926.15 8249.55 120
 10 3869.19 8249.55 120
 10 3819.7 8249.55 120
 10 3765.19 8249.55 120
 10 3714.21 8249.55 120
 10 3667.58 8249.55 120
 13 0 -1000 133
 13 0 0 133
 13 0 0 133
 13 113.316 113.316 133
 13 0 113.316 133
 13 195.912 195.912 133
 13 126.277 195.912 133
 13 128.78 195.912 133
 13 0 195.912 133
 13 0 195.912 133
 13 169.021 195.912 133
 13 126.076 195.912 133
 13 144.373 195.912 133
 13 0 195.912 133
 13 0 195.912 133
 13 0 195.912 133
 13 103.438 195.912 133
 13 0 195.912 133
 13 293.007 293.007 133
 13 0 293.007 133
 13 0 293.007 133
 13 128.077 293.007 133
 13 0 293.007 133
 13 123.353 293.007 133
 13 209.183 293.007 133
 13 0 293.007 133
 13 0 293.007 133
 13 110.697 293.007 142
 13 110.953 293.007 134
 13 0 293.007 120
 13 0 293.007 112
 13 0 293.007 112
 13 0 293.007 112
 13 4638.26 4638.26 112
 13 4748.16 4748.16 112
 13 4911.35 4911.35 112
 13 5103.7 5103.7 112
 13 5291.54 5291.54 112
 13 5480.15 5480.15 112
 13 5657.63 5657.63 112
 13 5759.25 5759.25 112
 13 5874.55 5874.55 112
 13 5965.62 5965.62 112
 13 6035.94 6035.94 112
 13 6087.52 6087.52 112
 13 6080.62 6087.52 112
 13 6033.81 6087.52 112
 13 5945.14 6087.52 79
 13 5839.53 6087.52 131
 13 5734.73 6087.52 131
 13 5631.63 6087.52 99
 13 5539.96 6087.52 104
 13 5448.11 6087.52 78
 13 5341.13 6087.52 98
 13 5235.64 6087.52 98
 13 5124.73 6087.52 98
 13 5014.54 6087.52 98
 13 4923.76 6087.52 98
 13 4849.77 6087.52 98
 13 4786.21 6087.52 98
 14 4074.3 -1000 192
 14 4055.95 4055.95 192
 14 4041.3 4055.95 192
 14 817.373 4055.95 192
 14 6490 6490 192
 14 6476.66 6490 192
 14 6441.31 6490 192
 14 6419.62 6490 192
 14 6424.99 6490 192
 14 6438.2 6490 192
 14 6476.53 6490 192
 14 6507.62 6507.62 192
 14 6543.25 6543.25 192
 14 6589.75 6589.75 192
 14 6627.78 6627.78 192
 14 6661.07 6661.07 192
 14 6698.1 6698.1 192
 14 6704.09 6704.09 192
 14 6642.39 6704.09 192
 14 6543.51 6704.09 192
 14 6425.53 6704.09 192
 14 6301.86 6704.09 192
 14 6184.97 6704.09 19
 14 6072.09 6704.09 217
 14 5968.44 6704.09 227
 14 5884.74 6704.09 119
 14 5778.49 6704.09 151
 14 5655 6704.09 93
 14 5531.41 6704.09 13
 14 5404.47 6704.09 32
 14 2699.21 6704.09 227
 14 5515.38 6704.09 227
 14 5488.33 6704.09 227
 14 5470 6704.09 227
 14 5457.12 6704.09 227
 14 5427.96 6704.09 227
 14 5388.01 6704.09 227
 14 5363.67 6704.09 227
 14 5353.73 6704.09 227
 14 5349.5 6704.09 227
 14 5310.11 6704.09 227
 14 5230.1 6704.09 227
 14 5118.77 6704.09 227
 14 5023.54 6704.09 227
 14 4923.75 6704.09 227
 14 4823.13 6704.09 227
 14 4731.78 6704.09 227
 14 4648.95 6704.09 227
 14 4576.47 6704.09 227
 14 4497.5 6704.09 227
 14 4425.23 6704.09 227
 14 4337.16 6704.09 227
 14 4263.08 6704.09 227
 14 4184.59 6704.09 227
 14 4112.9 6704.09 227
 14 4046.93 6704.09 227
 14 3991.02 6704.09 227
 14 3940.31 6704.09 227
 14 3909.31 6704.09 227
 14 3881.28 6704.09 227
 8 0 -1000 116
 8 116.03 116.03 116
 8 231.544 231.544 116
 8 4810.83 4810.83 116
 8 4894.2 4894.2 116
 8 4951.39 4951.39 116
 8 5094.91 5094.91 116
 8 5228.92 5228.92 116
 8 5353.57 5353.57 116
 8 5458.8 5458.8 116
 8 5610.03 5610.03 116
 8 5746.82 5746.82 116
 8 5873.57 5873.57 116
 8 5999.86 5999.86 116
 8 6142.56 6142.56 116
 8 6265.82 6265.82 116
 8 6287.35 6287.35 116
 8 6187.25 6287.35 116
 8 5895.56 6287.35 116
 8 1017.86 6287.35 116
 8 1064.78 6287.35 116
 8 1136.82 6287.35 116
 8 1223.96 6287.35 116
 8 1318.08 6287.35 116
 8 1407.81 6287.35 116
 8 1492.55 6287.35 116
 8 1566.09 6287.35 116
 8 1612.49 6287.35 116
 8 1636.93 6287.35 116
 8 1651.76 6287.35 116
 14 0 -1000 111
 14 0 0 111
 14 3887.95 3887.95 111
 14 6474.84 6474.84 111
 14 6456.21 6474.84 111
 14 6423.56 6474.84 111
 14 6413.22 6474.84 111
 14 6398.48 6474.84 111
 14 6403.59 6474.84 111
 14 6420.01 6474.84 111
 14 6439.72 6474.84 111
 14 6492.61 6492.61 111
 14 6542.59 6542.59 111
 14 6510.57 6542.59 111
 14 6434.44 6542.59 111
 14 6344.46 6542.59 111
 14 6248.12 6542.59 111
 14 6150.66 6542.59 111
 14 6066.22 6542.59 111
 14 5996.3 6542.59 111
 14 5897.04 6542.59 111
 14 5789.41 6542.59 111
 14 5676.99 6542.59 111
 14 5579.1 6542.59 111
 14 5492.29 6542.59 111
 14 5418.88 6542.59 111
 14 5336.32 6542.59 111
 14 5257.54 6542.59 111
 14 5176.85 6542.59 96
 14 5124.73 6542.59 96
 14 307.373 6542.59 211
 14 287.971 6542.59 211
 14 737.959 6542.59 211
 14 6321.48 6542.59 211
 14 6363.66 6542.59 211
 14 6433.77 6542.59 211
 14 6514.78 6542.59 211
 14 6598.98 6598.98 211
 14 6671.37 6671.37 211
 14 6744.65 6744.65 211
 14 6799.81 6799.81 211
 14 6838.16 6838.16 211
 14 6874.87 6874.87 211
 14 6899.73 6899.73 211
 14 6871.68 6899.73 211
 14 6813.65 6899.73 211
 14 6732.22 6899.73 211
 14 6640.88 6899.73 211
 14 6537.12 6899.73 208
 14 6431.9 6899.73 15
 14 6325.04 6899.73 92
 14 6234.17 6899.73 184
 14 6121.71 6899.73 12
 14 6018.17 6899.73 12
 14 5898.27 6899.73 12
 14 5794.33 6899.73 12
 14 5680.06 6899.73 12
 14 5576.99 6899.73 12
 14 5482.41 6899.73 12
 14 5403.08 6899.73 12
 8 0 -1000 179
 8 0 0 179
 8 0 0 179
 8 1588.41 1588.41 179
 8 2058.5 2058.5 179
 8 2007.48 2058.5 179
 8 2018.58 2058.5 179
 8 2030.49 2058.5 179
 8 2034.44 2058.5 179
 8 2019.15 2058.5 179
 8 1993.23 2058.5 179
 8 1962.75 2058.5 179
 8 1924.11 2058.5 179
 8 1875.31 2058.5 179
 8 1811.56 2058.5 179
 8 1744.03 2058.5 179
 8 1678.28 2058.5 179
 8 1612.61 2058.5 179
 8 1548.32 2058.5 179
 8 1497.03 2058.5 179
 8 1448.56 2058.5 179
 8 1408.78 2058.5 179
 8 1381.43 2058.5 179
 8 1351.57 2058.5 179
 8 1332.93 2058.5 179
 8 1315.41 2058.5 179
 8 1303.88 2058.5 179
 8 1293.79 2058.5 179
 8 1288.79 2058.5 179
 8 1284.65 2058.5 179
 14 130.489 -1000 143
 14 127.928 127.928 143
 14 2418.1 2418.1 143
 14 5420.86 5420.86 143
 14 5410.71 5420.86 143
 14 5400.54 5420.86 143
 14 5401.6 5420.86 143
 14 5400.92 5420.86 143
 14 5399.47 5420.86 143
 14 5403.13 5420.86 208
 14 5391.94 5420.86 208
 14 5388.61 5420.86 208
 14 5384.84 5420.86 208
 14 5388.82 5420.86 208
 14 5344.07 5420.86 208
 14 5261.4 5420.86 208
 14 5141.65 5420.86 237
 14 5015.5 5420.86 57
 14 4888.11 5420.86 138
 14 4765.23 5420.86 219
 14 4652.47 5420.86 45
 14 4551.36 5420.86 131
 14 4457.32 5420.86 215
 14 3665.56 5420.86 45
 14 787.366 5420.86 125
 14 880.693 5420.86 125
 14 657.378 5420.86 125
 14 684.778 5420.86 125
 14 653.669 5420.86 125
 14 657.07 5420.86 125
 8 0 -1000 19
 8 0 0 19
 8 4757.21 4757.21 19
 8 4841.11 4841.11 19
 8 4952.95 4952.95 19
 8 5068.87 5068.87 19
 8 5265.49 5265.49 19
 8 5510.09 5510.09 19
 8 5763.48 5763.48 19
 8 6019.7 6019.7 19
 8 6243.47 6243.47 19
 8 6438.2 6438.2 19
 8 6601.2 6601.2 19
 8 6743.41 6743.41 19
 8 6812.87 6812.87 208
 8 6805.36 6812.87 208
 8 6742.75 6812.87 208
 8 6655.84 6812.87 208
 8 6545.43 6812.87 208
 8 6433.24 6812.87 208
 8 6316.4 6812.87 208
 8 6219.58 6812.87 208
 8 6125.35 6812.87 208
 8 6037.76 6812.87 208
 8 5934.28 6812.87 208
 8 5812.96 6812.87 208
 8 5686.28 6812.87 208
 8 5568.83 6812.87 208
 8 5453.18 6812.87 208
 8 5350 6812.87 208
 10 0 -1000 208
 10 102.797 102.797 208
 10 0 102.797 208
 10 2533.01 2533.01 208
 10 4359.7 4359.7 208
 10 4349.87 4359.7 208
 10 4337.41 4359.7 208
 10 4317.49 4359.7 208
 10 4290.2 4359.7 208
 10 4238.58 4359.7 208
 10 4164.53 4359.7 208
 10 4083.97 4359.7 208
 10 4009.82 4359.7 208
 10 3925.49 4359.7 208
 10 3833.87 4359.7 208
 10 3737.41 4359.7 208
 10 3643.59 4359.7 208
 10 3549.8 4359.7 208
 10 3452.11 4359.7 208
 10 3357.97 4359.7 208
 10 3275.03 4359.7 208
 10 3178.31 4359.7 208
 10 3088.4 4359.7 208
 10 2999.27 4359.7 208
 10 2917.92 4359.7 208
 10 2847.25 4359.7 208
 10 2777.76 4359.7 208
 10 2724.2 4359.7 208
 10 2677.28 4359.7 208
 10 2639.26 4359.7 208
 14 0 -1000 193
 14 112.937 112.937 193
 14 0 112.937 193
 14 410.596 410.596 193
 14 3183.23 3183.23 193
 14 3226.95 3226.95 193
 14 3272.47 3272.47 193
 14 3351.3 3351.3 193
 14 3454.68 3454.68 193
 14 3784.76 3784.76 193
 14 4045.07 4045.07 193
 14 4254.3 4254.3 193
 14 4408.91 4408.91 193
 14 4498.61 4498.61 193
 14 4516.43 4516.43 193
 14 4435.5 4516.43 193
 14 4281.6 4516.43 193
 14 4095.81 4516.43 193
 14 3901.74 4516.43 193
 14 3719.06 4516.43 193
 14 3576.65 4516.43 193
 14 3458.08 4516.43 193
 14 3364.86 4516.43 193
 14 3305.47 4516.43 193
 14 3272.81 4516.43 193
 14 3242.05 4516.43 193
 14 3184.48 4516.43 193
 14 3110.04 4516.43 193
 14 3040.75 4516.43 193
 14 2972.77 4516.43 193
 10 1981.65 -1000 136
 10 1884.57 1884.57 136
 10 1653.89 1884.57 136
 10 259.693 1884.57 136
 10 0 1884.57 136
 10 233.89 1884.57 136
 10 0 1884.57 136
 10 200.8 1884.57 136
 10 147.346 1884.57 136
 10 0 1884.57 136
 10 104.71 1884.57 136
 10 0 1884.57 136
 10 106.42 1884.57 136
 10 132.608 1884.57 136
 10 242.171 1884.57 136
 10 177.744 1884.57 136
 10 252.092 1884.57 136
 10 226.137 1884.57 136
 10 170.614 1884.57 136
 10 219.667 1884.57 136
 10 173.227 1884.57 136
 10 114.241 1884.57 136
 10 0 1884.57 136
 10 0 1884.57 136
 10 0 1884.57 136
 10 194.169 1884.57 136
 10 0 1884.57 136
 10 0 1884.57 136
 10 288.462 1884.57 136
 10 345.608 1884.57 136
 10 109.755 1884.57 218
 10 1470.75 1884.57 218
 10 5614.69 5614.69 218
 10 5574.11 5614.69 218
 10 5548.95 5614.69 218
 10 5541.79 5614.69 218
 10 5636.42 5636.42 218
 10 5602.8 5636.42 218
 10 5591.71 5636.42 218
 10 5573.68 5636.42 218
 10 5555.75 5636.42 218
 10 5529.98 5636.42 218
 10 5462.83 5636.42 218
 10 5371.62 5636.42 218
 10 5261.36 5636.42 218
 10 5163.53 5636.42 218
 10 5067.66 5636.42 218
 10 4986.42 5636.42 218
 10 4908.06 5636.42 218
 10 4842.23 5636.42 218
 10 4753.54 5636.42 218
 10 4642.06 5636.42 218
 10 0 5636.42 218
 10 0 5636.42 218
 10 4340.37 5636.42 218
 10 3382.6 5636.42 218
 10 3401.39 5636.42 218
 10 3441.6 5636.42 218
 10 3474.2 5636.42 218
 10 3506.1 5636.42 218
 8 0 -1000 148
 8 0 0 148
 8 0 0 148
 8 0 0 148
 8 0 0 148
 8 0 0 148
 8 104.187 104.187 148
 8 0 104.187 148
 8 0 104.187 148
 8 131.078 131.078 148
 8 115.633 131.078 148
 8 164.151 164.151 148
 8 204.585 204.585 34
 8 142.371 204.585 49
 8 298.331 298.331 49
 8 215.27 298.331 49
 8 214.326 298.331 49
 8 309.961 309.961 49
 8 176.841 309.961 49
 8 309.972 309.972 49
 8 257.742 309.972 49
 8 339.813 339.813 49
 8 256.335 339.813 49
 8 129.359 339.813 49
 8 0 339.813 49
 8 184.363 339.813 49
 8 0 339.813 49
 8 0 339.813 49
 8 180.263 339.813 49
 8 0 339.813 49
 8 146.515 502.296 86
 8 130.042 502.296 113
 8 0 502.296 139
 8 0 502.296 139
 8 470.638 502.296 139
 8 4935.52 4935.52 139
 8 4963.02 4963.02 139
 8 4989.56 4989.56 139
 8 5036.54 5036.54 139
 8 5071.72 5071.72 139
 8 5124.18 5124.18 139
 8 5174.8 5174.8 139
 8 5219.74 5219.74 139
 8 5268.42 5268.42 139
 8 5318.28 5318.28 139
 8 5366.76 5366.76 139
 8 5414 5414 139
 8 5456.63 5456.63 208
 8 5452.37 5456.63 208
 8 5370.66 5456.63 208
 8 5252.45 5456.63 208
 8 5113.58 5456.63 208
 8 4969.19 5456.63 208
 8 4829.93 5456.63 2
 8 4707.83 5456.63 103
 8 4604.43 5456.63 205
 8 4506.58 5456.63 188
 8 4436.84 5456.63 144
 8 4377.11 5456.63 101
 8 4333.09 5456.63 59
 8 4288.39 5456.63 96
 8 4237.03 5456.63 18
 10 0 -1000 31
 10 658.311 658.311 31
 10 3583.02 3583.02 31
 10 4311.41 4311.41 31
 10 4299.19 4311.41 31
 10 4284.99 4311.41 31
 10 4284.31 4311.41 31
 10 4286.03 4311.41 31
 10 4265.18 4311.41 31
 10 4194.3 4311.41 31
 10 4101.51 4311.41 31
 10 4010.91 4311.41 31
 10 3924.11 4311.41 31
 10 3844.18 4311.41 31
 10 3788.3 4311.41 31
 10 3730.63 4311.41 31
 10 3641.28 4311.41 31
 10 3537.74 4311.41 31
 10 3433.34 4311.41 31
 10 3345.23 4311.41 31
 10 3260.34 4311.41 31
 10 3202.37 4311.41 31
 10 3152.72 4311.41 31
 10 3079.83 4311.41 31
 10 2997.14 4311.41 31
 10 2922.26 4311.41 31
 10 2852.96 4311.41 31
 10 2795.86 4311.41 31
 10 2751.13 4311.41 31
 10 2695.43 4311.41 31
 8 2162.31 -1000 73
 8 1359.78 1359.78 73
 8 1979.18 1979.18 73
 8 3181.2 3181.2 208
 8 3169.01 3181.2 208
 8 3160.07 3181.2 208
 8 3162.8 3181.2 208
 8 3159.93 3181.2 208
 8 3165.79 3181.2 208
 8 3178.89 3181.2 208
 8 3205.95 3205.95 208
 8 3229.88 3229.88 208
 8 3247.18 3247.18 208
 8 3274.82 3274.82 208
 8 3309.19 3309.19 208
 8 3343.44 3343.44 208
 8 3310.51 3343.44 208
 8 3234.12 3343.44 208
 8 3131.76 3343.44 208
 8 3018.46 3343.44 208
 8 2904.56 3343.44 208
 8 2797.41 3343.44 208
 8 2712.65 3343.44 208
 8 2633.91 3343.44 28
 8 2578.07 3343.44 139
 8 2529.87 3343.44 220
 8 2495.79 3343.44 80
 8 2478.34 3343.44 93
 8 2447.87 3343.44 226
 8 2424.55 3343.44 64
 10 0 -1000 151
 10 0 0 151
 10 136.735 136.735 151
 10 0 136.735 151
 10 0 136.735 151
 10 120.397 136.735 151
 10 0 136.735 151
 10 107.634 136.735 151
 10 0 136.735 151
 10 0 136.735 151
 10 0 136.735 151
 10 166.212 166.212 151
 10 148.816 166.212 151
 10 132.657 166.212 151
 10 0 166.212 151
 10 128.069 166.212 151
 10 0 166.212 151
 10 183.503 183.503 151
 10 149.718 183.503 151
 10 261.675 261.675 151
 10 530.501 530.501 151
 10 380.462 530.501 151
 10 424.088 530.501 151
 10 423.839 530.501 151
 10 393.489 530.501 151
 10 245.324 530.501 151
 10 347.612 530.501 151
 10 306.181 530.501 151
 10 415.732 530.501 151
 10 298.675 530.501 151
 10 0 681.571 134
 10 122.546 681.571 134
 10 2814.28 2814.28 134
 10 4611.49 4611.49 134
 10 4605.5 4611.49 134
 10 4599.17 4611.49 134
 10 4593.47 4611.49 134
 10 4591.36 4611.49 134
 10 4599.41 4611.49 134
 10 4611.12 4611.49 134
 10 4623.6 4623.6 134
 10 4619.02 4623.6 134
 10 4573.17 4623.6 134
 10 4501.42 4623.6 134
 10 4427.11 4623.6 134
 10 4342.66 4623.6 134
 10 4256.65 4623.6 134
 10 4185.93 4623.6 134
 10 4114.18 4623.6 134
 10 4021.18 4623.6 134
 10 3910.54 4623.6 134
 10 3797.43 4623.6 134
 10 3700.06 4623.6 134
 10 3607.42 4623.6 134
 10 3527.48 4623.6 134
 10 3451.43 4623.6 134
 10 3383.7 4623.6 134
 10 3313.88 4623.6 134
 10 3254.48 4623.6 134
 10 3203.59 4623.6 208
 8 4035.21 -1000 33
 8 4034.63 4034.63 33
 8 4041.1 4041.1 33
 8 4043.23 4043.23 33
 8 4068.18 4068.18 33
 8 4095.17 4095.17 33
 8 4121.47 4121.47 33
 8 4145.37 4145.37 33
 8 4173.92 4173.92 33
 8 4169.13 4173.92 33
 8 4119.11 4173.92 33
 8 4050.28 4173.92 33
 8 3957.72 4173.92 33
 8 3857.59 4173.92 33
 8 3767.6 4173.92 33
 8 3686.75 4173.92 33
 8 3618.02 4173.92 33
 8 3557.49 4173.92 33
 8 3488.23 4173.92 33
 8 3419.03 4173.92 33
 8 3353.88 4173.92 33
 8 3295.63 4173.92 33
 8 3244.27 4173.92 33
 8 3197.39 4173.92 33
 8 3166.37 4173.92 33
 8 3137.02 4173.92 33
 8 3114.05 4173.92 33
 8 3095.82 4173.92 33
 8 3088.65 4173.92 33
 8 3077.49 4173.92 33
 10 2667.77 -1000 136
 10 2393.15 2393.15 136
 10 544.958 2393.15 136
 10 265.152 2393.15 136
 10 100.731 2393.15 136
 10 192.804 2393.15 136
 10 230.874 2393.15 136
 10 611.122 2393.15 136
 10 415.696 2393.15 136
 10 201.433 2393.15 136
 10 234.044 2393.15 136
 10 102.393 2393.15 136
 10 251.617 2393.15 136
 10 181.145 2393.15 136
 10 187.062 2393.15 136
 10 238.658 2393.15 136
 10 281.213 2393.15 136
 10 292.615 2393.15 136
 10 205.6 2393.15 136
 10 204.71 2393.15 136
 10 162.71 2393.15 136
 10 124.784 2393.15 136
 10 341.743 2393.15 136
 10 248.025 2393.15 136
 10 272.306 2393.15 136
 10 410.806 2393.15 136
 10 450.343 2393.15 136
 10 531.06 2393.15 136
 10 517.497 2393.15 136
 10 476.5 2393.15 136
 10 2591.92 2591.92 120
 10 4057.39 4057.39 120
 10 4073.84 4073.84 120
 10 4103.63 4103.63 120
 10 4157.95 4157.95 120
 10 4221.27 4221.27 120
 10 4271.75 4271.75 120
 10 4358.14 4358.14 120
 10 4433.08 4433.08 120
 10 4517.47 4517.47 120
 10 4610.13 4610.13 120
 10 4669.54 4669.54 208
 10 4621.34 4669.54 208
 10 4519.69 4669.54 208
 10 4397.59 4669.54 208
 10 4258.58 4669.54 208
 10 4139.42 4669.54 208
 10 4039.02 4669.54 208
 10 3956.91 4669.54 208
 10 3904.23 4669.54 208
 10 3869.38 4669.54 208
 10 3804.43 4669.54 208
 10 3703.43 4669.54 208
 10 3599.31 4669.54 208
 10 3503.07 4669.54 208
 10 3415.01 4669.54 208
 10 3341.74 4669.54 208
 10 3287.53 4669.54 208
 10 3265.02 4669.54 208
 10 3249.85 4669.54 208
 14 2848.43 -1000 250
 14 2140.06 2140.06 250
 14 385.257 2140.06 250
 14 398.4 2140.06 250
 14 228.007 2140.06 250
 14 322.866 2140.06 250
 14 279.993 2140.06 250
 14 276.654 2140.06 250
 14 242.376 2140.06 250
 14 0 2140.06 250
 14 0 2140.06 250
 14 151.662 2140.06 250
 14 0 2140.06 250
 14 171.128 2140.06 250
 14 0 2140.06 250
 14 154.348 2140.06 250
 14 0 2140.06 250
 14 140.087 2140.06 250
 14 0 2140.06 250
 14 126.342 2140.06 250
 14 0 2140.06 250
 14 121.141 2140.06 250
 14 0 2140.06 250
 14 158.741 2140.06 250
 14 330.788 2140.06 250
 14 340.196 2140.06 250
 14 323.295 2140.06 250
 14 308.627 2140.06 250
 14 379.543 2140.06 250
 14 428.137 2140.06 250
 14 0 2140.06 134
 14 0 2140.06 134
 14 0 2140.06 134
 14 0 2140.06 134
 14 0 2140.06 134
 14 154.882 2140.06 134
 14 123.327 2140.06 134
 14 0 2140.06 134
 14 0 2140.06 134
 14 102.413 2140.06 134
 14 0 2140.06 134
 14 0 2140.06 134
 14 0 2140.06 134
 14 0 2140.06 134
 14 0 2140.06 134
 14 0 2140.06 134
 14 0 2140.06 134
 14 0 2140.06 134
 14 0 2140.06 134
 14 0 2140.06 134
 14 0 2140.06 134
 14 108.971 2140.06 134
 14 0 2140.06 134
 14 0 2140.06 134
 14 0 2140.06 134
 14 0 2140.06 134
 14 202.032 2140.06 134
 14 131.819 2140.06 134
 14 190.326 2140.06 134
 14 416.175 2140.06 134
 14 0 2140.06 172
 14 540.61 2140.06 172
 14 6423.27 6423.27 172
 14 6451.19 6451.19 172
 14 6496.57 6496.57 172
 14 6564.16 6564.16 172
 14 6632.58 6632.58 172
 14 6709.11 6709.11 172
 14 6790.88 6790.88 172
 14 6843.63 6843.63 172
 14 6897.71 6897.71 172
 14 6930.17 6930.17 172
 14 6923.65 6930.17 172
 14 6871.85 6930.17 172
 14 6795.33 6930.17 172
 14 6692.1 6930.17 172
 14 6589.12 6930.17 172
 14 6495.15 6930.17 172
 14 6389.97 6930.17 172
 14 6310.49 6930.17 172
 14 6226.29 6930.17 172
 14 6151.47 6930.17 172
 14 6056.86 6930.17 172
 14 5946.85 6930.17 172
 14 5841.22 6930.17 172
 14 5733.94 6930.17 172
 14 5624.85 6930.17 172
 14 5536.85 6930.17 172
 14 5439.25 6930.17 172
 14 5360.03 6930.17 172
 10 261.584 -1000 155
 10 255.439 255.439 155
 10 168.059 255.439 155
 10 418.034 418.034 155
 10 985.267 985.267 155
 10 933.677 985.267 155
 10 992.641 992.641 155
 10 993.986 993.986 155
 10 984.996 993.986 155
 10 959.098 993.986 155
 10 924.879 993.986 155
 10 891.06 993.986 155
 10 848.56 993.986 155
 10 800.749 993.986 155
 10 756.607 993.986 155
 10 716.905 993.986 155
 10 678.708 993.986 155
 10 647.655 993.986 155
 10 623.516 993.986 155
 10 598.039 993.986 155
 10 580.276 993.986 155
 10 567.128 993.986 155
 10 558.796 993.986 155
 10 549.355 993.986 155
 10 540.589 993.986 155
 10 536.785 993.986 155
 10 530.144 993.986 155
 10 525.021 993.986 155
 10 524.242 993.986 155
 10 516.005 993.986 155
 8 0 -1000 217
 8 124.412 124.412 217
 8 1613.72 1613.72 217
 8 4165.19 4165.19 217
 8 4177.47 4177.47 217
 8 4189.88 4189.88 217
 8 4192.87 4192.87 217
 8 4213.69 4213.69 217
 8 4216.56 4216.56 217
 8 4218.2 4218.2 217
 8 4208.92 4218.2 217
 8 4201.82 4218.2 217
 8 4194.07 4218.2 217
 8 4163.25 4218.2 217
 8 4138.2 4218.2 217
 8 4104.2 4218.2 217
 8 4077.01 4218.2 217
 8 4017.75 4218.2 217
 8 3927.28 4218.2 217
 8 3813.55 4218.2 217
 8 3700.8 4218.2 217
 8 3584.34 4218.2 217
 8 3473.47 4218.2 217
 8 3362.75 4218.2 34
 8 3267.65 4218.2 97
 8 3173.02 4218.2 154
 8 3092.52 4218.2 218
 8 3017.07 4218.2 19
 8 2968.85 4218.2 74
 8 2925.87 4218.2 145
 10 115.561 -1000 205
 10 0 0 205
 10 118.232 118.232 205
 10 2548.66 2548.66 205
 10 2923.12 2923.12 205
 10 2918 2923.12 205
 10 2933.05 2933.05 205
 10 2943.3 2943.3 205
 10 2928.6 2943.3 205
 10 2904.12 2943.3 205
 10 2864.22 2943.3 205
 10 2818.6 2943.3 205
 10 2756.8 2943.3 205
 10 2691.1 2943.3 208
 10 2603.44 2943.3 208
 10 2526.1 2943.3 208
 10 2467.42 2943.3 208
 10 2379.65 2943.3 208
 10 2281.9 2943.3 208
 10 2194.68 2943.3 208
 10 2106.45 2943.3 208
 10 2026.82 2943.3 208
 10 1960.23 2943.3 208
 10 1902.13 2943.3 208
 10 1854.26 2943.3 208
 10 1821.82 2943.3 208
 10 1794.72 2943.3 208
 10 1776.25 2943.3 211
 10 1759.04 2943.3 0
 10 1750.87 2943.3 46
 8 0 -1000 249
 8 488.181 488.181 249
 8 5776.12 5776.12 249
 8 5825.07 5825.07 208
 8 5886.8 5886.8 208
 8 5952.62 5952.62 208
 8 6049.43 6049.43 208
 8 6154.97 6154.97 208
 8 6251.25 6251.25 208
 8 6353.04 6353.04 208
 8 6428.53 6428.53 208
 8 6501.98 6501.98 208
 8 6527.3 6527.3 208
 8 6498.58 6527.3 208
 8 6422.16 6527.3 208
 8 6336.24 6527.3 31
 8 6233.21 6527.3 166
 8 6128.86 6527.3 43
 8 6029.11 6527.3 180
 8 5938.66 6527.3 65
 8 5862.43 6527.3 208
 8 5784.85 6527.3 99
 8 5701.61 6527.3 243
 8 5604.65 6527.3 113
 8 5503.04 6527.3 76
 8 5410.64 6527.3 103
 8 5316.67 6527.3 222
 8 5226.27 6527.3 46
 8 5146.01 6527.3 49
 8 5060.44 6527.3 102
 10 4752.1 -1000 99
 10 4694.27 4694.27 99
 10 4625.28 4694.27 99
 10 242.694 4694.27 99
 10 950.743 4694.27 99
 10 966.512 4694.27 99
 10 1072.37 4694.27 99
 10 1056.49 4694.27 99
 10 1066.67 4694.27 99
 10 1085.14 4694.27 99
 10 1113.18 4694.27 99
 10 1145.45 4694.27 99
 10 1183.67 4694.27 99
 10 1234.25 4694.27 99
 10 1283.37 4694.27 99
 10 1345.64 4694.27 99
 10 1401.47 4694.27 99
 10 1465.16 4694.27 99
 10 1524.45 4694.27 99
 10 1585.01 4694.27 99
 10 1643.31 4694.27 99
 10 1704.9 4694.27 99
 10 1704.89 4694.27 99
 10 1661.84 4694.27 99
 10 1588.37 4694.27 99
 10 1503.26 4694.27 99
 10 1422.9 4694.27 99
 10 1357.35 4694.27 99
 10 1307.99 4694.27 208
 10 1278.27 4694.27 208
 8 148.222 -1000 120
 8 133.291 133.291 120
 8 1679.3 1679.3 120
 8 5389.69 5389.69 120
 8 5367.54 5389.69 120
 8 5343.8 5389.69 120
 8 5327.53 5389.69 120
 8 5298.64 5389.69 120
 8 5278.52 5389.69 120
 8 5260.52 5389.69 120
 8 5248.49 5389.69 120
 8 5228.1 5389.69 120
 8 5203.32 5389.69 120
 8 5170.38 5389.69 120
 8 5139.21 5389.69 120
 8 5096.08 5389.69 120
 8 5034.03 5389.69 120
 8 4946.76 5389.69 120
 8 4854.65 5389.69 120
 8 4765.24 5389.69 120
 8 4670.58 5389.69 120
 8 4566.52 5389.69 120
 8 4465.21 5389.69 120
 8 4366.27 5389.69 120
 8 4272.11 5389.69 120
 8 4172.33 5389.69 120
 8 4087.92 5389.69 120
 8 4011.71 5389.69 120
 8 3928.86 5389.69 120
 8 3863.51 5389.69 120
