 13 0 -1000 30
 13 0 0 30
 13 1125.13 1125.13 30
 13 1350.25 1350.25 30
 13 1541.28 1541.28 30
 13 1540.52 1541.28 30
 13 1528.43 1541.28 30
 13 1512.55 1541.28 30
 13 1472.34 1541.28 30
 13 1420.09 1541.28 30
 13 1356.76 1541.28 30
 13 1294.9 1541.28 30
 13 1221.73 1541.28 30
 13 1136.33 1541.28 30
 13 1054.38 1541.28 30
 13 977.337 1541.28 30
 13 895.781 1541.28 30
 13 831.363 1541.28 30
 13 768.404 1541.28 30
 13 716.958 1541.28 30
 13 679.275 1541.28 30
 13 648.124 1541.28 30
 13 624.471 1541.28 30
 13 608.494 1541.28 30
 13 594.979 1541.28 30
 13 582.438 1541.28 30
 13 571.103 1541.28 30
 13 568.369 1541.28 30
 13 563.562 1541.28 30
 13 561.808 1541.28 30
 13 0 1541.28 30
 13 0 1541.28 30
 13 0 1541.28 30
 13 1009.6 1541.28 30
 13 1354.36 1541.28 30
 13 1373.51 1541.28 30
 13 1378.14 1541.28 30
 13 1370.91 1541.28 30
 13 1348.84 1541.28 30
 13 1321.14 1541.28 30
 13 1281.11 1541.28 30
 13 1228.12 1541.28 30
 13 1164.28 1541.28 30
 13 1102.04 1541.28 30
 13 1040.34 1541.28 30
 13 977.452 1541.28 30
 13 924.299 1541.28 30
 13 883.196 1541.28 30
 13 849.427 1541.28 30
 13 816.317 1541.28 30
 13 789.497 1541.28 30
 13 765.569 1541.28 30
 13 749.059 1541.28 30
 13 737.894 1541.28 30
 13 723.638 1541.28 30
 13 717.202 1541.28 30
 13 708.313 1541.28 30
 13 699.734 1541.28 30
 13 694.282 1541.28 30
 13 693.525 1541.28 30
 10 0 -1000 30
 10 0 0 30
 10 0 0 30
 10 828.63 828.63 30
 10 1393.75 1393.75 30
 10 1452.13 1452.13 30
 10 1453.61 1453.61 30
 10 1463.78 1463.78 30
 10 1470.37 1470.37 30
 10 1461.96 1470.37 30
 10 1419.77 1470.37 30
 10 1367.79 1470.37 30
 10 1319.79 1470.37 30
 10 1261.6 1470.37 30
 10 1197.11 1470.37 30
 10 1126.65 1470.37 30
 10 1053.68 1470.37 30
 10 990.258 1470.37 30
 10 926.907 1470.37 30
 10 873.814 1470.37 30
 10 826.101 1470.37 30
 10 788.368 1470.37 30
 10 760.644 1470.37 30
 10 740.908 1470.37 30
 10 726.813 1470.37 30
 10 716.878 1470.37 30
 10 707.752 1470.37 30
 10 701.86 1470.37 30
 10 705.033 1470.37 30
 10 701.232 1470.37 30
 8 137.855 -1000 30
 8 0 0 30
 8 0 0 30
 8 1117.01 1117.01 30
 8 1463.96 1463.96 30
 8 1416.19 1463.96 30
 8 1413.21 1463.96 30
 8 1395.56 1463.96 30
 8 1365.38 1463.96 30
 8 1328.73 1463.96 30
 8 1285.3 1463.96 30
 8 1225.42 1463.96 30
 8 1155.66 1463.96 30
 8 1087.31 1463.96 30
 8 1016.1 1463.96 30
 8 944.973 1463.96 30
 8 881.115 1463.96 30
 8 826.105 1463.96 30
 8 777.528 1463.96 30
 8 734.701 1463.96 30
 8 702.778 1463.96 30
 8 673.557 1463.96 30
 8 652.704 1463.96 30
 8 632.878 1463.96 30
 8 622.554 1463.96 30
 8 613.444 1463.96 30
 8 607.622 1463.96 30
 8 604.021 1463.96 30
 8 600.035 1463.96 30
 8 594.875 1463.96 30
 14 0 -1000 30
 14 0 0 30
 14 459.658 459.658 30
 14 1149.18 1149.18 30
 14 1184.99 1184.99 30
 14 1323.68 1323.68 30
 14 1324.3 1324.3 30
 14 1312.03 1324.3 30
 14 1281.18 1324.3 30
 14 1238.75 1324.3 30
 14 1193.76 1324.3 30
 14 1139.56 1324.3 30
 14 1075.51 1324.3 30
 14 1011 1324.3 30
 14 945.928 1324.3 30
 14 892.757 1324.3 30
 14 848.002 1324.3 30
 14 811.595 1324.3 30
 14 779.95 1324.3 30
 14 755.064 1324.3 30
 14 737.211 1324.3 30
 14 721.682 1324.3 30
 14 710.361 1324.3 30
 14 699.771 1324.3 30
 14 696.935 1324.3 30
 14 685.31 1324.3 30
 14 678.953 1324.3 30
 14 672.58 1324.3 30
 14 671.795 1324.3 30
 14 668.637 1324.3 30
 13 0 -1000 40
 13 113.866 113.866 40
 13 1958.78 1958.78 40
 13 2188.02 2188.02 40
 13 2197.72 2197.72 40
 13 2212.24 2212.24 40
 13 2232.61 2232.61 40
 13 2254 2254 40
 13 2276.61 2276.61 40
 13 2260.14 2276.61 40
 13 2223.08 2276.61 40
 13 2167.34 2276.61 40
 13 2107.43 2276.61 40
 13 2049.6 2276.61 40
 13 2001.1 2276.61 40
 13 1946.49 2276.61 40
 13 1882.98 2276.61 40
 13 1816.08 2276.61 40
 13 1753.82 2276.61 40
 13 1702.23 2276.61 40
 13 1660.78 2276.61 40
 13 1614.38 2276.61 40
 13 1581.25 2276.61 40
 13 1555.73 2276.61 40
 13 1532.04 2276.61 40
 13 1515.27 2276.61 40
 13 1501.22 2276.61 40
 13 1496.94 2276.61 40
 13 1494.37 2276.61 40
 13 1486.96 2276.61 40
 10 2466.31 -1000 40
 10 2454.14 2454.14 40
 10 2446.49 2454.14 40
 10 2437.3 2454.14 40
 10 2419.58 2454.14 40
 10 2374.63 2454.14 40
 10 2317.78 2454.14 40
 10 2253.72 2454.14 40
 10 2190.08 2454.14 40
 10 2123.4 2454.14 40
 10 2046.17 2454.14 40
 10 1972.59 2454.14 40
 10 1891.26 2454.14 40
 10 1803.33 2454.14 40
 10 1714.06 2454.14 40
 10 1639.33 2454.14 40
 10 1572.43 2454.14 40
 10 1510.11 2454.14 40
 10 1455.92 2454.14 40
 10 1413.7 2454.14 40
 10 1375.5 2454.14 40
 10 1348.29 2454.14 40
 10 1325.04 2454.14 40
 10 1309.06 2454.14 40
 10 1298.08 2454.14 40
 10 1291.18 2454.14 40
 10 1287.77 2454.14 40
 10 1283.62 2454.14 40
 10 1283.22 2454.14 40
 10 1282.23 2454.14 40
 8 0 -1000 40
 8 0 0 40
 8 1970.65 1970.65 40
 8 2465.97 2465.97 40
 8 2466.2 2466.2 40
 8 2466.48 2466.48 40
 8 2476.35 2476.35 40
 8 2475.53 2476.35 40
 8 2452.34 2476.35 40
 8 2415.45 2476.35 40
 8 2374.55 2476.35 40
 8 2326.75 2476.35 40
 8 2261.91 2476.35 40
 8 2181.47 2476.35 40
 8 2105.66 2476.35 40
 8 2022.83 2476.35 40
 8 1942.14 2476.35 40
 8 1864.43 2476.35 40
 8 1796.26 2476.35 40
 8 1731.97 2476.35 40
 8 1672.86 2476.35 40
 8 1630.51 2476.35 40
 8 1595.54 2476.35 40
 8 1563.52 2476.35 40
 8 1543.15 2476.35 40
 8 1526.38 2476.35 40
 8 1511.18 2476.35 40
 8 1499.72 2476.35 40
 8 1491.88 2476.35 40
 8 1491.78 2476.35 40
 14 0 -1000 40
 14 0 0 40
 14 0 0 40
 14 1461 1461 40
 14 1850.91 1850.91 40
 14 1856.62 1856.62 40
 14 1858.47 1858.47 40
 14 1869.95 1869.95 40
 14 1880.2 1880.2 40
 14 1885.52 1885.52 40
 14 1890.45 1890.45 40
 14 1864.2 1890.45 40
 14 1817.84 1890.45 40
 14 1760.01 1890.45 40
 14 1705.49 1890.45 40
 14 1646.29 1890.45 40
 14 1588.24 1890.45 40
 14 1530.76 1890.45 40
 14 1476.88 1890.45 40
 14 1425.9 1890.45 40
 14 1384.26 1890.45 40
 14 1346 1890.45 40
 14 1314.66 1890.45 40
 14 1291.08 1890.45 40
 14 1274.45 1890.45 40
 14 1264.06 1890.45 40
 14 1249.3 1890.45 40
 14 1243.05 1890.45 40
 14 1237.31 1890.45 40
 14 1234.01 1890.45 40
 13 0 -1000 50
 13 0 0 50
 13 405.538 405.538 50
 13 2680.3 2680.3 50
 13 2758.95 2758.95 50
 13 2769.03 2769.03 50
 13 2775.95 2775.95 50
 13 2784.63 2784.63 50
 13 2788.83 2788.83 50
 13 2763.4 2788.83 50
 13 2718.57 2788.83 50
 13 2672.14 2788.83 50
 13 2622.22 2788.83 50
 13 2579.13 2788.83 50
 13 2514.89 2788.83 50
 13 2457.7 2788.83 50
 13 2373.84 2788.83 50
 13 2296.84 2788.83 50
 13 2220.82 2788.83 50
 13 2140.86 2788.83 50
 13 2071.34 2788.83 50
 13 2008.53 2788.83 50
 13 1951.19 2788.83 50
 13 1902.65 2788.83 50
 13 1865.85 2788.83 50
 13 1832.01 2788.83 50
 13 1809.89 2788.83 50
 13 1795.59 2788.83 50
 13 1780.79 2788.83 50
 13 1767.26 2788.83 50
 10 0 -1000 50
 10 0 0 50
 10 137.757 137.757 50
 10 2224.77 2224.77 50
 10 2846.76 2846.76 50
 10 2848.69 2848.69 50
 10 2842.43 2848.69 50
 10 2840.8 2848.69 50
 10 2830.55 2848.69 50
 10 2794.09 2848.69 50
 10 2732.27 2848.69 50
 10 2672.19 2848.69 50
 10 2608.06 2848.69 50
 10 2540.49 2848.69 50
 10 2479.08 2848.69 50
 10 2390.54 2848.69 50
 10 2305.71 2848.69 50
 10 2213.55 2848.69 50
 10 2125.62 2848.69 50
 10 2043.23 2848.69 50
 10 1966.24 2848.69 50
 10 1906.27 2848.69 50
 10 1852.48 2848.69 50
 10 1804.78 2848.69 50
 10 1771.9 2848.69 50
 10 1739.36 2848.69 50
 10 1720.81 2848.69 50
 10 1709.25 2848.69 50
 10 1699.32 2848.69 50
 10 1693.35 2848.69 50
 8 0 -1000 50
 8 0 0 50
 8 571.424 571.424 50
 8 2322.89 2322.89 50
 8 2272.38 2322.89 50
 8 2280.86 2322.89 50
 8 2292.55 2322.89 50
 8 2307.19 2322.89 50
 8 2286.9 2322.89 50
 8 2252.56 2322.89 50
 8 2215.28 2322.89 50
 8 2175.86 2322.89 50
 8 2119.18 2322.89 50
 8 2050.65 2322.89 50
 8 1978.15 2322.89 50
 8 1907.85 2322.89 50
 8 1837.21 2322.89 50
 8 1767.04 2322.89 50
 8 1706.37 2322.89 50
 8 1655.23 2322.89 50
 8 1612.36 2322.89 50
 8 1582.24 2322.89 50
 8 1553.98 2322.89 50
 8 1529.05 2322.89 50
 8 1508.17 2322.89 50
 8 1492.95 2322.89 50
 8 1482.54 2322.89 50
 8 1475.72 2322.89 50
 8 1473.4 2322.89 50
 8 1471.91 2322.89 50
 14 0 -1000 50
 14 0 0 50
 14 772.929 772.929 50
 14 3573.32 3573.32 50
 14 3575.69 3575.69 50
 14 3577.27 3577.27 50
 14 3588.71 3588.71 50
 14 3599.31 3599.31 50
 14 3610.9 3610.9 50
 14 3599.62 3610.9 50
 14 3567.46 3610.9 50
 14 3520.16 3610.9 50
 14 3470.3 3610.9 50
 14 3413.24 3610.9 50
 14 3341.63 3610.9 50
 14 3263.06 3610.9 50
 14 3188.67 3610.9 50
 14 3102.57 3610.9 50
 14 3012 3610.9 50
 14 2927.92 3610.9 50
 14 2844.16 3610.9 50
 14 2767.03 3610.9 50
 14 2701.79 3610.9 50
 14 2635.9 3610.9 50
 14 2591.81 3610.9 50
 14 2549.58 3610.9 50
 14 2517.51 3610.9 50
 14 2494.79 3610.9 50
 14 2491.12 3610.9 50
 14 2483.17 3610.9 50
 13 0 -1000 60
 13 0 0 60
 13 1406.21 1406.21 60
 13 3548.9 3548.9 60
 13 3560.66 3560.66 60
 13 3579.16 3579.16 60
 13 3600.15 3600.15 60
 13 3621.85 3621.85 60
 13 3652.49 3652.49 60
 13 3663.2 3663.2 60
 13 3649 3663.2 60
 13 3611.98 3663.2 60
 13 3566.91 3663.2 60
 13 3520.27 3663.2 60
 13 3457.95 3663.2 60
 13 3365.64 3663.2 60
 13 3261.78 3663.2 60
 13 3163.34 3663.2 60
 13 3075.07 3663.2 60
 13 2990.16 3663.2 60
 13 2906.07 3663.2 60
 13 2825.48 3663.2 60
 13 2751.77 3663.2 60
 13 2686.76 3663.2 60
 13 2629.91 3663.2 60
 13 2585.41 3663.2 60
 13 2540.95 3663.2 60
 13 2511.97 3663.2 60
 13 2496.12 3663.2 60
 13 2494.71 3663.2 60
 10 0 -1000 60
 10 449.735 449.735 60
 10 2642.11 2642.11 60
 10 2945.7 2945.7 60
 10 2943.97 2945.7 60
 10 2953.47 2953.47 60
 10 2960.87 2960.87 60
 10 2941.44 2960.87 60
 10 2905.15 2960.87 60
 10 2859.1 2960.87 60
 10 2804.69 2960.87 60
 10 2755.92 2960.87 60
 10 2687.89 2960.87 60
 10 2615.11 2960.87 60
 10 2534.99 2960.87 60
 10 2475.19 2960.87 60
 10 2398.23 2960.87 60
 10 2322.17 2960.87 60
 10 2253.38 2960.87 60
 10 2189.01 2960.87 60
 10 2132.19 2960.87 60
 10 2084.75 2960.87 60
 10 2050.94 2960.87 60
 10 2025.06 2960.87 60
 10 2004.92 2960.87 60
 10 1985.65 2960.87 60
 10 1975.79 2960.87 60
 10 1960.73 2960.87 60
 10 1958.05 2960.87 60
 10 1956.44 2960.87 60
 8 0 -1000 60
 8 208.966 208.966 60
 8 3084.65 3084.65 60
 8 3525.37 3525.37 60
 8 3528.5 3528.5 60
 8 3543.53 3543.53 60
 8 3553.6 3553.6 60
 8 3568.93 3568.93 60
 8 3596.48 3596.48 60
 8 3621.4 3621.4 60
 8 3634.09 3634.09 60
 8 3592.36 3634.09 60
 8 3525.77 3634.09 60
 8 3433.64 3634.09 60
 8 3343.69 3634.09 60
 8 3256.28 3634.09 60
 8 3179.1 3634.09 60
 8 3115.35 3634.09 60
 8 3041.99 3634.09 60
 8 2962.35 3634.09 60
 8 2881.49 3634.09 60
 8 2809.42 3634.09 60
 8 2743.7 3634.09 60
 8 2687.14 3634.09 60
 8 2642.94 3634.09 60
 8 2604.7 3634.09 60
 8 2573.83 3634.09 60
 8 2554.37 3634.09 60
 8 2543.03 3634.09 60
 8 2533.2 3634.09 60
 14 0 -1000 60
 14 0 0 60
 14 341.905 341.905 60
 14 3367.84 3367.84 60
 14 3943.64 3943.64 60
 14 3946.14 3946.14 60
 14 3955.56 3955.56 60
 14 3970.49 3970.49 60
 14 3977.59 3977.59 60
 14 3988.87 3988.87 60
 14 4003.35 4003.35 60
 14 3986.95 4003.35 60
 14 3931.05 4003.35 60
 14 3851.35 4003.35 60
 14 3756.43 4003.35 60
 14 3669.56 4003.35 60
 14 3583.56 4003.35 60
 14 3507.2 4003.35 60
 14 3433.21 4003.35 60
 14 3363.47 4003.35 60
 14 3299.2 4003.35 60
 14 3243.72 4003.35 60
 14 3194.17 4003.35 60
 14 3148.73 4003.35 60
 14 3115.63 4003.35 60
 14 3088.9 4003.35 60
 14 3068.28 4003.35 60
 14 3053.16 4003.35 60
 14 3041.71 4003.35 60
 14 3031.08 4003.35 60
 13 4963.25 -1000 70
 13 4780.18 4780.18 70
 13 4785.28 4785.28 70
 13 4795.67 4795.67 70
 13 4799.26 4799.26 70
 13 4791.66 4799.26 70
 13 4768.69 4799.26 70
 13 4721.29 4799.26 70
 13 4658.26 4799.26 70
 13 4588.34 4799.26 70
 13 4508.97 4799.26 70
 13 4424.08 4799.26 70
 13 4336.09 4799.26 70
 13 4246.13 4799.26 70
 13 4151.67 4799.26 70
 13 4052.96 4799.26 70
 13 3960.18 4799.26 70
 13 3858.36 4799.26 70
 13 3769.4 4799.26 70
 13 3678.15 4799.26 70
 13 3593.55 4799.26 70
 13 3518.07 4799.26 70
 13 3441.33 4799.26 70
 13 3359.25 4799.26 70
 13 3294.87 4799.26 70
 13 3244.69 4799.26 70
 13 3207.04 4799.26 70
 13 3171.01 4799.26 70
 13 3141.29 4799.26 70
 13 3114.33 4799.26 70
 10 0 -1000 70
 10 0 0 70
 10 213.687 213.687 70
 10 3153.01 3153.01 70
 10 3724.95 3724.95 70
 10 3713.13 3724.95 70
 10 3712.29 3724.95 70
 10 3707.59 3724.95 70
 10 3703.55 3724.95 70
 10 3668.49 3724.95 70
 10 3608.44 3724.95 70
 10 3536.5 3724.95 70
 10 3473.2 3724.95 70
 10 3411.93 3724.95 70
 10 3338.71 3724.95 70
 10 3247.67 3724.95 70
 10 3152.49 3724.95 70
 10 3063.13 3724.95 70
 10 2983.98 3724.95 70
 10 2904.94 3724.95 70
 10 2828.04 3724.95 70
 10 2754.29 3724.95 70
 10 2694.38 3724.95 70
 10 2645.23 3724.95 70
 10 2599.17 3724.95 70
 10 2563.67 3724.95 70
 10 2538.6 3724.95 70
 10 2518.31 3724.95 70
 10 2502.04 3724.95 70
 10 2493.64 3724.95 70
 8 0 -1000 70
 8 0 0 70
 8 2847.37 2847.37 70
 8 4569.84 4569.84 70
 8 4566.76 4569.84 70
 8 4560.38 4569.84 70
 8 4566.75 4569.84 70
 8 4579.76 4579.76 70
 8 4556.56 4579.76 70
 8 4510.08 4579.76 70
 8 4449.88 4579.76 70
 8 4385.2 4579.76 70
 8 4322.93 4579.76 70
 8 4241.22 4579.76 70
 8 4147.54 4579.76 70
 8 4045.06 4579.76 70
 8 3952.73 4579.76 70
 8 3862.77 4579.76 70
 8 3765.75 4579.76 70
 8 3660.83 4579.76 70
 8 3561.4 4579.76 70
 8 3465.35 4579.76 70
 8 3380.63 4579.76 70
 8 3301.2 4579.76 70
 8 3221.32 4579.76 70
 8 3149.93 4579.76 70
 8 3083.89 4579.76 70
 8 3026.14 4579.76 70
 8 2978.18 4579.76 70
 8 2942.17 4579.76 70
 14 0 -1000 70
 14 1785.02 1785.02 70
 14 4614.67 4614.67 70
 14 4608.19 4614.67 70
 14 4595.9 4614.67 70
 14 4590.13 4614.67 70
 14 4583.78 4614.67 70
 14 4590.62 4614.67 70
 14 4597.09 4614.67 70
 14 4582.64 4614.67 70
 14 4538.02 4614.67 70
 14 4479.9 4614.67 70
 14 4415.44 4614.67 70
 14 4353.75 4614.67 70
 14 4275.67 4614.67 70
 14 4195.8 4614.67 70
 14 4108.88 4614.67 70
 14 4025.06 4614.67 70
 14 3938.95 4614.67 70
 14 3855.15 4614.67 70
 14 3776.85 4614.67 70
 14 3706.93 4614.67 70
 14 3649.58 4614.67 70
 14 3599.85 4614.67 70
 14 3557.5 4614.67 70
 14 3527.25 4614.67 70
 14 3502.64 4614.67 70
 14 3479.6 4614.67 70
 14 3457.29 4614.67 70
 14 3445.89 4614.67 70
 13 0 -1000 80
 13 0 0 80
 13 3033.36 3033.36 80
 13 4819.86 4819.86 80
 13 4819.68 4819.86 80
 13 4815.9 4819.86 80
 13 4825.57 4825.57 80
 13 4836.84 4836.84 80
 13 4858.45 4858.45 80
 13 4885.86 4885.86 80
 13 4896.82 4896.82 80
 13 4865.2 4896.82 80
 13 4806.8 4896.82 80
 13 4736.76 4896.82 80
 13 4667.85 4896.82 80
 13 4603.04 4896.82 80
 13 4531.98 4896.82 80
 13 4439.56 4896.82 80
 13 4333.14 4896.82 80
 13 4231.83 4896.82 80
 13 4132.02 4896.82 80
 13 4037.58 4896.82 80
 13 3937.56 4896.82 80
 13 3845.97 4896.82 80
 13 3756.4 4896.82 80
 13 3687.78 4896.82 80
 13 3624.62 4896.82 80
 13 3572.41 4896.82 80
 13 3530.2 4896.82 80
 13 3497.49 4896.82 80
 10 0 -1000 80
 10 0 0 80
 10 1556.29 1556.29 80
 10 3898.33 3898.33 80
 10 3906.07 3906.07 80
 10 3911.74 3911.74 80
 10 3919.74 3919.74 80
 10 3930.96 3930.96 80
 10 3948.64 3948.64 80
 10 3925.64 3948.64 80
 10 3875.96 3948.64 80
 10 3811.53 3948.64 80
 10 3744.39 3948.64 80
 10 3679.34 3948.64 80
 10 3616.1 3948.64 80
 10 3531.59 3948.64 80
 10 3434.41 3948.64 80
 10 3339.29 3948.64 80
 10 3251.05 3948.64 80
 10 3177.34 3948.64 80
 10 3095.28 3948.64 80
 10 3008.41 3948.64 80
 10 2923.85 3948.64 80
 10 2850.79 3948.64 80
 10 2784.59 3948.64 80
 10 2730.41 3948.64 80
 10 2689.5 3948.64 80
 10 2654.93 3948.64 80
 10 2630.39 3948.64 80
 10 2608.88 3948.64 80
 8 0 -1000 80
 8 0 0 80
 8 962.162 962.162 80
 8 4405.31 4405.31 80
 8 4419.47 4419.47 80
 8 4453.95 4453.95 80
 8 4508.14 4508.14 80
 8 4560.54 4560.54 80
 8 4622.07 4622.07 80
 8 4683.9 4683.9 80
 8 4746.38 4746.38 80
 8 4803.95 4803.95 80
 8 4861.34 4861.34 80
 8 4908 4908 80
 8 4887.62 4908 80
 8 4812.11 4908 80
 8 4708.84 4908 80
 8 4596.44 4908 80
 8 4480.38 4908 80
 8 4369.67 4908 80
 8 4275.6 4908 80
 8 4194.23 4908 80
 8 4128.85 4908 80
 8 4070.89 4908 80
 8 4002.43 4908 80
 8 3930.22 4908 80
 8 3860.32 4908 80
 8 3799.94 4908 80
 8 3749 4908 80
 8 3702.55 4908 80
 14 196.68 -1000 80
 14 0 0 80
 14 1429.98 1429.98 80
 14 5251.84 5251.84 80
 14 5250.53 5251.84 80
 14 5251.76 5251.84 80
 14 5255.92 5255.92 80
 14 5271.16 5271.16 80
 14 5285.79 5285.79 80
 14 5311.13 5311.13 80
 14 5332.77 5332.77 80
 14 5356.29 5356.29 80
 14 5342.35 5356.29 80
 14 5278.62 5356.29 80
 14 5199.97 5356.29 80
 14 5109.76 5356.29 80
 14 5018.22 5356.29 80
 14 4926.23 5356.29 80
 14 4846.51 5356.29 80
 14 4776.1 5356.29 80
 14 4716.28 5356.29 80
 14 4652.89 5356.29 80
 14 4570.62 5356.29 80
 14 4487.36 5356.29 80
 14 4408.26 5356.29 80
 14 4332.85 5356.29 80
 14 4262.56 5356.29 80
 14 4202 5356.29 80
 14 4147.82 5356.29 80
 14 4105.62 5356.29 80
 13 0 -1000 90
 13 0 0 90
 13 6298.1 6298.1 90
 13 6268.6 6298.1 90
 13 6227.67 6298.1 90
 13 6185.23 6298.1 90
 13 6143.16 6298.1 90
 13 6113.1 6298.1 90
 13 6083.36 6298.1 90
 13 6063.31 6298.1 90
 13 6015.18 6298.1 90
 13 5940.17 6298.1 90
 13 5854.43 6298.1 90
 13 5767.81 6298.1 90
 13 5681.14 6298.1 90
 13 5606.27 6298.1 90
 13 5504.71 6298.1 90
 13 5397.59 6298.1 90
 13 5291.64 6298.1 90
 13 5197.42 6298.1 90
 13 5108.86 6298.1 90
 13 5005.22 6298.1 90
 13 4905.37 6298.1 90
 13 4815.32 6298.1 90
 13 4733.19 6298.1 90
 13 4654.87 6298.1 90
 13 4583.65 6298.1 90
 13 4518.7 6298.1 90
 13 4463.35 6298.1 90
 13 4412.04 6298.1 90
 10 0 -1000 90
 10 2258.57 2258.57 90
 10 4181.6 4181.6 90
 10 4187.13 4187.13 90
 10 4204.54 4204.54 90
 10 4222.13 4222.13 90
 10 4243.77 4243.77 90
 10 4272.36 4272.36 90
 10 4306.85 4306.85 90
 10 4300.48 4306.85 90
 10 4251.4 4306.85 90
 10 4180.2 4306.85 90
 10 4102.6 4306.85 90
 10 4029.13 4306.85 90
 10 3957.01 4306.85 90
 10 3895.21 4306.85 90
 10 3807.05 4306.85 90
 10 3707 4306.85 90
 10 3607.11 4306.85 90
 10 3517.95 4306.85 90
 10 3433.78 4306.85 90
 10 3357.85 4306.85 90
 10 3289.12 4306.85 90
 10 3218.23 4306.85 90
 10 3154.85 4306.85 90
 10 3108.05 4306.85 90
 10 3066.97 4306.85 90
 10 3031.81 4306.85 90
 10 3006.51 4306.85 90
 10 2983.02 4306.85 90
 8 5042.36 -1000 90
 8 5089.64 5089.64 90
 8 5153.53 5153.53 90
 8 5213.94 5213.94 90
 8 5266.95 5266.95 90
 8 5283.95 5283.95 90
 8 5249.56 5283.95 90
 8 5178.19 5283.95 90
 8 5100.47 5283.95 90
 8 5014.83 5283.95 90
 8 4927.56 5283.95 90
 8 4850.46 5283.95 90
 8 4772.15 5283.95 90
 8 4673.03 5283.95 90
 8 4572.9 5283.95 90
 8 4473.64 5283.95 90
 8 4377.34 5283.95 90
 8 4297.73 5283.95 90
 8 4225.74 5283.95 90
 8 4163.41 5283.95 90
 8 4106.58 5283.95 90
 8 4066.12 5283.95 90
 8 4030.07 5283.95 90
 8 3999.34 5283.95 90
 8 3981.21 5283.95 90
 8 3966.8 5283.95 90
 8 3955.64 5283.95 90
 8 3948.83 5283.95 90
 8 3942.33 5283.95 90
 8 3934.99 5283.95 90
 14 0 -1000 90
 14 1645.06 1645.06 90
 14 5469.74 5469.74 90
 14 5482.61 5482.61 90
 14 5503.62 5503.62 90
 14 5540.68 5540.68 90
 14 5572.81 5572.81 90
 14 5606.31 5606.31 90
 14 5645.11 5645.11 90
 14 5687.21 5687.21 90
 14 5698.52 5698.52 90
 14 5657.77 5698.52 90
 14 5586.98 5698.52 90
 14 5501.89 5698.52 90
 14 5412.9 5698.52 90
 14 5335.86 5698.52 90
 14 5252.85 5698.52 90
 14 5189.06 5698.52 90
 14 5122.59 5698.52 90
 14 5034.58 5698.52 90
 14 4930.93 5698.52 90
 14 4829.81 5698.52 90
 14 4732.77 5698.52 90
 14 4646.94 5698.52 90
 14 4569.32 5698.52 90
 14 4501.69 5698.52 90
 14 4441.18 5698.52 90
 14 4395.98 5698.52 90
 14 4358.41 5698.52 90
 14 4330.8 5698.52 90
 13 4857.37 -1000 100
 13 4915.93 4915.93 100
 13 4972.89 4972.89 100
 13 5037.39 5037.39 100
 13 5097.38 5097.38 100
 13 5124.03 5124.03 100
 13 5090.11 5124.03 100
 13 5015.44 5124.03 100
 13 4921.77 5124.03 100
 13 4818.85 5124.03 100
 13 4725.08 5124.03 100
 13 4643.48 5124.03 100
 13 4575.19 5124.03 100
 13 4515.97 5124.03 100
 13 4426.82 5124.03 100
 13 4319.24 5124.03 100
 13 4211.11 5124.03 100
 13 4105.46 5124.03 100
 13 4009.65 5124.03 100
 13 3932.5 5124.03 100
 13 3864.82 5124.03 100
 13 3803.27 5124.03 100
 13 3750.01 5124.03 100
 13 3705.33 5124.03 100
 13 3672.04 5124.03 100
 13 3651.37 5124.03 100
 13 3630.95 5124.03 100
 13 3614.4 5124.03 100
 13 3611.82 5124.03 100
 13 3610.2 5124.03 100
 10 0 -1000 100
 10 1241.8 1241.8 100
 10 4695.55 4695.55 100
 10 4699.22 4699.22 100
 10 4704.74 4704.74 100
 10 4716.07 4716.07 100
 10 4732.24 4732.24 100
 10 4753.86 4753.86 100
 10 4745.44 4753.86 100
 10 4702.8 4753.86 100
 10 4644.55 4753.86 100
 10 4582.66 4753.86 100
 10 4521.33 4753.86 100
 10 4467.88 4753.86 100
 10 4390.64 4753.86 100
 10 4291.5 4753.86 100
 10 4189.73 4753.86 100
 10 4091.06 4753.86 100
 10 3999.86 4753.86 100
 10 3929.31 4753.86 100
 10 3858.9 4753.86 100
 10 3772.33 4753.86 100
 10 3687.01 4753.86 100
 10 3597.48 4753.86 100
 10 3520.55 4753.86 100
 10 3452.91 4753.86 100
 10 3389.3 4753.86 100
 10 3332 4753.86 100
 10 3281.73 4753.86 100
 10 3241.46 4753.86 100
 8 0 -1000 100
 8 0 0 100
 8 3254.24 3254.24 100
 8 5318.61 5318.61 100
 8 5338.35 5338.35 100
 8 5367.29 5367.29 100
 8 5408.57 5408.57 100
 8 5449.59 5449.59 100
 8 5500.15 5500.15 100
 8 5544.75 5544.75 100
 8 5597.8 5597.8 100
 8 5662.11 5662.11 100
 8 5717.73 5717.73 100
 8 5776.93 5776.93 100
 8 5816.11 5816.11 100
 8 5789.64 5816.11 100
 8 5713.7 5816.11 100
 8 5610.13 5816.11 100
 8 5502.28 5816.11 100
 8 5397.01 5816.11 100
 8 5299 5816.11 100
 8 5218.35 5816.11 100
 8 5133.97 5816.11 100
 8 5029.79 5816.11 100
 8 4912.33 5816.11 100
 8 4795.86 5816.11 100
 8 4691.11 5816.11 100
 8 4597.63 5816.11 100
 8 4513.31 5816.11 100
 8 4445.32 5816.11 100
 14 104.082 -1000 100
 14 236.456 236.456 100
 14 3998.1 3998.1 100
 14 5126.32 5126.32 100
 14 5133.32 5133.32 100
 14 5142.77 5142.77 100
 14 5160.26 5160.26 100
 14 5198.12 5198.12 100
 14 5224.3 5224.3 100
 14 5253.98 5253.98 100
 14 5287.75 5287.75 100
 14 5331.45 5331.45 100
 14 5334.41 5334.41 100
 14 5277.94 5334.41 100
 14 5195.26 5334.41 100
 14 5097.43 5334.41 100
 14 4990.77 5334.41 100
 14 4892.64 5334.41 100
 14 4805.54 5334.41 100
 14 4733.36 5334.41 100
 14 4674.43 5334.41 100
 14 4599.74 5334.41 100
 14 4509.66 5334.41 100
 14 4422.01 5334.41 100
 14 4335.75 5334.41 100
 14 4258.84 5334.41 100
 14 4193.45 5334.41 100
 14 4131.32 5334.41 100
 14 4085.92 5334.41 100
 14 4044.91 5334.41 100
 13 0 -1000 110
 13 1755.54 1755.54 110
 13 6875.29 6875.29 110
 13 6862.35 6875.29 110
 13 6846.97 6875.29 110
 13 6841.54 6875.29 110
 13 6842.16 6875.29 110
 13 6849.71 6875.29 110
 13 6863.92 6875.29 110
 13 6877.83 6877.83 110
 13 6909.52 6909.52 110
 13 6919.91 6919.91 110
 13 6855.79 6919.91 110
 13 6766.31 6919.91 110
 13 6653.46 6919.91 110
 13 6544.65 6919.91 110
 13 6439.5 6919.91 110
 13 6352.78 6919.91 110
 13 6277.67 6919.91 110
 13 6217.45 6919.91 110
 13 6128.09 6919.91 110
 13 6015.9 6919.91 110
 13 5891.85 6919.91 110
 13 5776.02 6919.91 110
 13 5663.57 6919.91 110
 13 5565.58 6919.91 110
 13 5478.56 6919.91 110
 13 5407.08 6919.91 110
 13 5350.47 6919.91 110
 13 5293.66 6919.91 110
 10 0 -1000 110
 10 292.736 292.736 110
 10 4853.17 4853.17 110
 10 4857.65 4857.65 110
 10 4881.64 4881.64 110
 10 4924.02 4924.02 110
 10 4966.13 4966.13 110
 10 5021.41 5021.41 110
 10 5038.83 5038.83 110
 10 5028.27 5038.83 110
 10 5000.35 5038.83 110
 10 4961.65 5038.83 110
 10 4924.52 5038.83 110
 10 4861.12 5038.83 110
 10 4775.03 5038.83 110
 10 4686.99 5038.83 110
 10 4599.53 5038.83 110
 10 4521.83 5038.83 110
 10 4430.26 5038.83 110
 10 4333.06 5038.83 110
 10 4242.72 5038.83 110
 10 4157.48 5038.83 110
 10 4064.09 5038.83 110
 10 3979.2 5038.83 110
 10 3892.93 5038.83 110
 10 3816.42 5038.83 110
 10 3748.17 5038.83 110
 10 3690.82 5038.83 110
 10 3639.79 5038.83 110
 10 3597.55 5038.83 110
 8 5887.24 -1000 110
 8 5913.74 5913.74 110
 8 5960.58 5960.58 110
 8 6016.26 6016.26 110
 8 6081.67 6081.67 110
 8 6145.32 6145.32 110
 8 6212.53 6212.53 110
 8 6285.92 6285.92 110
 8 6353.33 6353.33 110
 8 6371.25 6371.25 110
 8 6330.78 6371.25 110
 8 6244.47 6371.25 110
 8 6155.59 6371.25 110
 8 6056.46 6371.25 110
 8 5962.26 6371.25 110
 8 5881.56 6371.25 110
 8 5805.82 6371.25 110
 8 5742.64 6371.25 110
 8 5662.07 6371.25 110
 8 5556.78 6371.25 110
 8 5444.07 6371.25 110
 8 5329.31 6371.25 110
 8 5223.26 6371.25 110
 8 5127.93 6371.25 110
 8 5047.25 6371.25 110
 8 4978.97 6371.25 110
 8 4922.61 6371.25 110
 8 4882.74 6371.25 110
 8 4843.01 6371.25 110
 8 4811.43 6371.25 110
 14 0 -1000 110
 14 336.426 336.426 110
 14 5580.42 5580.42 110
 14 5611.12 5611.12 110
 14 5677.56 5677.56 110
 14 5769.94 5769.94 110
 14 5867.21 5867.21 110
 14 5971.88 5971.88 110
 14 6082.02 6082.02 110
 14 6164.14 6164.14 110
 14 6183.44 6183.44 110
 14 6170.27 6183.44 110
 14 6131.58 6183.44 110
 14 6078.72 6183.44 110
 14 6023 6183.44 110
 14 5968.33 6183.44 110
 14 5924.64 6183.44 110
 14 5867.24 6183.44 110
 14 5786.85 6183.44 110
 14 5688.01 6183.44 110
 14 5584.38 6183.44 110
 14 5493.96 6183.44 110
 14 5409.57 6183.44 110
 14 5334.43 6183.44 110
 14 5267.89 6183.44 110
 14 5200.29 6183.44 110
 14 5123.37 6183.44 110
 14 5054.77 6183.44 110
 14 4983.45 6183.44 110
 14 4926.85 6183.44 110
 13 0 -1000 120
 13 0 0 120
 13 1941.38 1941.38 120
 13 5722.56 5722.56 120
 13 5720.58 5722.56 120
 13 5720.9 5722.56 120
 13 5736.83 5736.83 120
 13 5761.68 5761.68 120
 13 5791.05 5791.05 120
 13 5830.93 5830.93 120
 13 5872.88 5872.88 120
 13 5913.55 5913.55 120
 13 5967.2 5967.2 120
 13 5957.35 5967.2 120
 13 5907 5967.2 120
 13 5825.93 5967.2 120
 13 5727.69 5967.2 120
 13 5628.48 5967.2 120
 13 5535.93 5967.2 120
 13 5455.12 5967.2 120
 13 5386.93 5967.2 120
 13 5297.96 5967.2 120
 13 5184.31 5967.2 120
 13 5065.1 5967.2 120
 13 4944.81 5967.2 120
 13 4839.18 5967.2 120
 13 4740.1 5967.2 120
 13 4653.59 5967.2 120
 13 4589.6 5967.2 120
 13 4528.87 5967.2 120
 10 0 -1000 120
 10 0 0 120
 10 1826.31 1826.31 120
 10 5455.69 5455.69 120
 10 5462.29 5462.29 120
 10 5466.93 5466.93 120
 10 5479.68 5479.68 120
 10 5501.87 5501.87 120
 10 5525.91 5525.91 120
 10 5500.89 5525.91 120
 10 5444.47 5525.91 120
 10 5375.47 5525.91 120
 10 5308.2 5525.91 120
 10 5249.42 5525.91 120
 10 5169.73 5525.91 120
 10 5067.11 5525.91 120
 10 4970.32 5525.91 120
 10 4861.35 5525.91 120
 10 4769.04 5525.91 120
 10 4688.25 5525.91 120
 10 4612.05 5525.91 120
 10 4520.73 5525.91 120
 10 4419.8 5525.91 120
 10 4322.71 5525.91 120
 10 4230.01 5525.91 120
 10 4151.04 5525.91 120
 10 4084.79 5525.91 120
 10 4018.54 5525.91 120
 10 3956.19 5525.91 120
 10 3897.93 5525.91 120
 8 0 -1000 120
 8 0 0 120
 8 3701.65 3701.65 120
 8 6533.52 6533.52 120
 8 6514.3 6533.52 120
 8 6502.14 6533.52 120
 8 6506.14 6533.52 120
 8 6525.94 6533.52 120
 8 6557.36 6557.36 120
 8 6584.52 6584.52 120
 8 6614.99 6614.99 120
 8 6655.91 6655.91 120
 8 6701.74 6701.74 120
 8 6746.96 6746.96 120
 8 6777.52 6777.52 120
 8 6723.38 6777.52 120
 8 6627.79 6777.52 120
 8 6502.49 6777.52 120
 8 6371.02 6777.52 120
 8 6242.84 6777.52 120
 8 6134.86 6777.52 120
 8 6033.97 6777.52 120
 8 5947.79 6777.52 120
 8 5871.96 6777.52 120
 8 5794.18 6777.52 120
 8 5698.53 6777.52 120
 8 5595.03 6777.52 120
 8 5490.14 6777.52 120
 8 5391.75 6777.52 120
 8 5305.07 6777.52 120
 14 305.394 -1000 120
 14 441.098 441.098 120
 14 4916.97 4916.97 120
 14 5026.25 5026.25 120
 14 5217.21 5217.21 120
 14 5447.71 5447.71 120
 14 5686.04 5686.04 120
 14 5926.53 5926.53 120
 14 6153.73 6153.73 120
 14 6364.59 6364.59 120
 14 6536.96 6536.96 120
 14 6623.07 6623.07 120
 14 6651.01 6651.01 120
 14 6645.85 6651.01 120
 14 6620.11 6651.01 120
 14 6592.09 6651.01 120
 14 6535.77 6651.01 120
 14 6487.74 6651.01 120
 14 6425.71 6651.01 120
 14 6319.88 6651.01 120
 14 6204.83 6651.01 120
 14 6082.12 6651.01 120
 14 5966.52 6651.01 120
 14 5861.33 6651.01 120
 14 5766.49 6651.01 120
 14 5686.05 6651.01 120
 14 5612.15 6651.01 120
 14 5534.76 6651.01 120
 14 5460.3 6651.01 120
 14 5390.01 6651.01 120
