 15 0 -1000 30
 15 0 0 30
 15 0 0 30
 15 324.086 324.086 30
 15 1480.92 1480.92 30
 15 1476.77 1480.92 30
 15 1470.57 1480.92 30
 15 1454.44 1480.92 30
 15 1431.39 1480.92 30
 15 1398.45 1480.92 30
 15 1353.53 1480.92 30
 15 1299.37 1480.92 30
 15 1238.56 1480.92 30
 15 1168.17 1480.92 30
 15 1095.77 1480.92 30
 15 1022.53 1480.92 30
 15 945.851 1480.92 30
 15 879.024 1480.92 30
 15 817.576 1480.92 30
 15 765.59 1480.92 30
 15 721.679 1480.92 30
 15 685.626 1480.92 30
 15 658.658 1480.92 30
 15 637.195 1480.92 30
 15 621.869 1480.92 30
 15 610.242 1480.92 30
 15 602.61 1480.92 30
 15 596.653 1480.92 30
 15 592.065 1480.92 30
 15 589.434 1480.92 30
 6 1650.78 -1000 30
 6 1873.24 1873.24 30
 6 1871.56 1873.24 30
 6 1854.81 1873.24 30
 6 1821.04 1873.24 30
 6 1776.08 1873.24 30
 6 1725.71 1873.24 30
 6 1726.96 1873.24 30
 6 1692.24 1873.24 30
 6 1629.49 1873.24 30
 6 1555.05 1873.24 30
 6 1473.92 1873.24 30
 6 1393.38 1873.24 30
 6 1313.66 1873.24 30
 6 1243.7 1873.24 30
 6 1182.31 1873.24 30
 6 1128.39 1873.24 30
 6 1143.92 1873.24 30
 6 1147 1873.24 30
 6 1139.58 1873.24 30
 6 1124.13 1873.24 30
 6 1106.49 1873.24 30
 6 1083.65 1873.24 30
 6 1061.8 1873.24 30
 6 1040.91 1873.24 30
 6 1020.95 1873.24 30
 6 1001.41 1873.24 30
 6 982.563 1873.24 30
 6 967.603 1873.24 30
 6 954.201 1873.24 30
 0 0 -1000 30
 0 0 0 30
 0 156.223 156.223 30
 0 1633.55 1633.55 30
 0 1906.56 1906.56 30
 0 1903.26 1906.56 30
 0 1893.67 1906.56 30
 0 1870.13 1906.56 30
 0 1838.86 1906.56 30
 0 1801.27 1906.56 30
 0 1753.5 1906.56 30
 0 1692.07 1906.56 30
 0 1624.03 1906.56 30
 0 1547.65 1906.56 30
 0 1468.22 1906.56 30
 0 1391.05 1906.56 30
 0 1316.43 1906.56 30
 0 1250.08 1906.56 30
 0 1187.33 1906.56 30
 0 1136.36 1906.56 30
 0 1092.37 1906.56 30
 0 1055.82 1906.56 30
 0 1027.49 1906.56 30
 0 1003.46 1906.56 30
 0 982.953 1906.56 30
 0 962.338 1906.56 30
 0 940.389 1906.56 30
 0 920.157 1906.56 30
 0 901.428 1906.56 30
 0 884.999 1906.56 30
 14 0 -1000 30
 14 0 0 30
 14 352.127 352.127 30
 14 1433.21 1433.21 30
 14 1521.68 1521.68 30
 14 1730.77 1730.77 30
 14 1726.59 1730.77 30
 14 1719.67 1730.77 30
 14 1691.46 1730.77 30
 14 1647.47 1730.77 30
 14 1597.74 1730.77 30
 14 1544.05 1730.77 30
 14 1478.29 1730.77 30
 14 1404.51 1730.77 30
 14 1327.77 1730.77 30
 14 1257.74 1730.77 30
 14 1192.69 1730.77 30
 14 1137.21 1730.77 30
 14 1089.12 1730.77 30
 14 1050.79 1730.77 30
 14 1019.8 1730.77 30
 14 993.82 1730.77 30
 14 975.351 1730.77 30
 14 958.866 1730.77 30
 14 948.686 1730.77 30
 14 940.01 1730.77 30
 14 935.831 1730.77 30
 14 933.256 1730.77 30
 14 931.456 1730.77 30
 14 929.618 1730.77 30
 8 0 -1000 30
 8 0 0 30
 8 0 0 30
 8 811.694 811.694 30
 8 1770.68 1770.68 30
 8 1720.76 1770.68 30
 8 1716.29 1770.68 30
 8 1716.32 1770.68 30
 8 1723.75 1770.68 30
 8 1717.87 1770.68 30
 8 1684.86 1770.68 30
 8 1637.3 1770.68 30
 8 1581.55 1770.68 30
 8 1521.74 1770.68 30
 8 1521.95 1770.68 30
 8 1495.88 1770.68 30
 8 1450.97 1770.68 30
 8 1396.01 1770.68 30
 8 1341.54 1770.68 30
 8 1286.43 1770.68 30
 8 1233.83 1770.68 30
 8 1187.47 1770.68 30
 8 1147.06 1770.68 30
 8 1111.85 1770.68 30
 8 1085.59 1770.68 30
 8 1061.71 1770.68 30
 8 1044.63 1770.68 30
 8 1031.23 1770.68 30
 8 1020.58 1770.68 30
 8 1011.09 1770.68 30
 6 274.656 -1000 30
 6 1747.21 1747.21 30
 6 2101.97 2101.97 30
 6 2106.31 2106.31 30
 6 2114.58 2114.58 30
 6 2115.8 2115.8 30
 6 2094.5 2115.8 30
 6 2060.18 2115.8 30
 6 2020.94 2115.8 30
 6 1969.36 2115.8 30
 6 1904.63 2115.8 30
 6 1830.25 2115.8 30
 6 1756.73 2115.8 30
 6 1681.8 2115.8 30
 6 1608.95 2115.8 30
 6 1540.91 2115.8 30
 6 1479.35 2115.8 30
 6 1425.23 2115.8 30
 6 1379.82 2115.8 30
 6 1342.2 2115.8 30
 6 1312.73 2115.8 30
 6 1288.95 2115.8 30
 6 1267.22 2115.8 30
 6 1253.28 2115.8 30
 6 1241.75 2115.8 30
 6 1232.49 2115.8 30
 6 1225.48 2115.8 30
 6 1218.39 2115.8 30
 6 1215.67 2115.8 30
 6 1214.35 2115.8 30
 15 0 -1000 40
 15 0 0 40
 15 1693 1693 40
 15 2494.69 2494.69 40
 15 2495.77 2495.77 40
 15 2511.14 2511.14 40
 15 2520.5 2520.5 40
 15 2515.05 2520.5 40
 15 2498.92 2520.5 40
 15 2491.71 2520.5 40
 15 2453.46 2520.5 40
 15 2398.37 2520.5 40
 15 2337.55 2520.5 40
 15 2257.77 2520.5 40
 15 2168.08 2520.5 40
 15 2074.75 2520.5 40
 15 1984.16 2520.5 40
 15 1899.65 2520.5 40
 15 1823.33 2520.5 40
 15 1756.41 2520.5 40
 15 1696.1 2520.5 40
 15 1646.07 2520.5 40
 15 1604.54 2520.5 40
 15 1573.06 2520.5 40
 15 1547.62 2520.5 40
 15 1528.33 2520.5 40
 15 1513.78 2520.5 40
 15 1503 2520.5 40
 15 1494.79 2520.5 40
 15 1487.93 2520.5 40
 14 0 -1000 40
 14 0 0 40
 14 559.403 559.403 40
 14 2322.77 2322.77 40
 14 2752.26 2752.26 40
 14 2756.24 2756.24 40
 14 2756.35 2756.35 40
 14 2759.61 2759.61 40
 14 2745.42 2759.61 40
 14 2708.19 2759.61 40
 14 2657.21 2759.61 40
 14 2597.62 2759.61 40
 14 2536.15 2759.61 40
 14 2481.38 2759.61 40
 14 2398.26 2759.61 40
 14 2312.24 2759.61 40
 14 2232.29 2759.61 40
 14 2159.82 2759.61 40
 14 2095.95 2759.61 40
 14 2042.75 2759.61 40
 14 2000.04 2759.61 40
 14 1961.07 2759.61 40
 14 1933.45 2759.61 40
 14 1912.69 2759.61 40
 14 1896.06 2759.61 40
 14 1883.96 2759.61 40
 14 1874.37 2759.61 40
 14 1866.92 2759.61 40
 14 1862.89 2759.61 40
 14 1860.16 2759.61 40
 0 0 -1000 40
 0 0 0 40
 0 695.224 695.224 40
 0 2592.56 2592.56 40
 0 2471.93 2592.56 40
 0 2479.91 2592.56 40
 0 2491.33 2592.56 40
 0 2492.91 2592.56 40
 0 2488.05 2592.56 40
 0 2463.38 2592.56 40
 0 2431.13 2592.56 40
 0 2387.15 2592.56 40
 0 2441.35 2592.56 40
 0 2445.6 2592.56 40
 0 2399.02 2592.56 40
 0 2319.19 2592.56 40
 0 2223.73 2592.56 40
 0 2121.79 2592.56 40
 0 2018.77 2592.56 40
 0 1921.6 2592.56 40
 0 1833.63 2592.56 40
 0 1759.52 2592.56 40
 0 1696.32 2592.56 40
 0 1644.76 2592.56 40
 0 1601.9 2592.56 40
 0 1569.8 2592.56 40
 0 1545.81 2592.56 40
 0 1528.28 2592.56 40
 0 1514.94 2592.56 40
 0 1506.73 2592.56 40
 6 1630.68 -1000 40
 6 2329.12 2329.12 40
 6 2332.88 2332.88 40
 6 2341.65 2341.65 40
 6 2353.94 2353.94 40
 6 2370.75 2370.75 40
 6 2386.23 2386.23 40
 6 2385.07 2386.23 40
 6 2347.85 2386.23 40
 6 2294.31 2386.23 40
 6 2230.85 2386.23 40
 6 2163.92 2386.23 40
 6 2101.87 2386.23 40
 6 2033.64 2386.23 40
 6 1967.9 2386.23 40
 6 1907.86 2386.23 40
 6 1855.46 2386.23 40
 6 1809.01 2386.23 40
 6 1770.25 2386.23 40
 6 1738.94 2386.23 40
 6 1714.71 2386.23 40
 6 1697.77 2386.23 40
 6 1681.39 2386.23 40
 6 1665.55 2386.23 40
 6 1655.08 2386.23 40
 6 1643.7 2386.23 40
 6 1637.33 2386.23 40
 6 1627.81 2386.23 40
 6 1621.81 2386.23 40
 6 1616.26 2386.23 40
 8 0 -1000 40
 8 0 0 40
 8 629.759 629.759 40
 8 2149.2 2149.2 40
 8 2084.03 2149.2 40
 8 2083.82 2149.2 40
 8 2086.96 2149.2 40
 8 2094.61 2149.2 40
 8 2094.38 2149.2 40
 8 2073.48 2149.2 40
 8 2032.67 2149.2 40
 8 1985.3 2149.2 40
 8 1936.69 2149.2 40
 8 1877.16 2149.2 40
 8 1813.63 2149.2 40
 8 1748.41 2149.2 40
 8 1690.87 2149.2 40
 8 1635.96 2149.2 40
 8 1590.57 2149.2 40
 8 1553 2149.2 40
 8 1523.11 2149.2 40
 8 1498.73 2149.2 40
 8 1479.86 2149.2 40
 8 1467.36 2149.2 40
 8 1456.57 2149.2 40
 8 1447.82 2149.2 40
 8 1442.5 2149.2 40
 8 1439.93 2149.2 40
 8 1436.71 2149.2 40
 8 1431.64 2149.2 40
 14 0 -1000 40
 14 0 0 40
 14 847.705 847.705 40
 14 2409.21 2409.21 40
 14 2758.7 2758.7 40
 14 2924.74 2924.74 40
 14 3033.83 3033.83 40
 14 3091.65 3091.65 40
 14 3107.61 3107.61 40
 14 3066.55 3107.61 40
 14 2988.7 3107.61 40
 14 2889.83 3107.61 40
 14 2786.87 3107.61 40
 14 2687.33 3107.61 40
 14 2584.22 3107.61 40
 14 2493.64 3107.61 40
 14 2406.77 3107.61 40
 14 2322.69 3107.61 40
 14 2247.44 3107.61 40
 14 2184.73 3107.61 40
 14 2133.61 3107.61 40
 14 2093.13 3107.61 40
 14 2059.77 3107.61 40
 14 2033.71 3107.61 40
 14 2015.31 3107.61 40
 14 2001.42 3107.61 40
 14 1990.54 3107.61 40
 14 1984.02 3107.61 40
 14 1976.33 3107.61 40
 14 1972.3 3107.61 40
 15 0 -1000 50
 15 2333.91 2333.91 50
 15 2993.49 2993.49 50
 15 3009.01 3009.01 50
 15 3036.2 3036.2 50
 15 3064.77 3064.77 50
 15 3097.32 3097.32 50
 15 3127.42 3127.42 50
 15 3127.28 3127.42 50
 15 3104.92 3127.42 50
 15 3069.47 3127.42 50
 15 3023.92 3127.42 50
 15 2975.4 3127.42 50
 15 2912.32 3127.42 50
 15 2833.15 3127.42 50
 15 2747.13 3127.42 50
 15 2661.41 3127.42 50
 15 2580.16 3127.42 50
 15 2503.56 3127.42 50
 15 2457.69 3127.42 50
 15 2396.25 3127.42 50
 15 2344.74 3127.42 50
 15 2298.36 3127.42 50
 15 2263.04 3127.42 50
 15 2233.39 3127.42 50
 15 2212.22 3127.42 50
 15 2192.96 3127.42 50
 15 2178.88 3127.42 50
 15 2168.57 3127.42 50
 15 2284.93 3127.42 50
 6 0 -1000 50
 6 285.587 285.587 50
 6 2075.27 2075.27 50
 6 2553.1 2553.1 50
 6 2552.94 2553.1 50
 6 2558.23 2558.23 50
 6 2562.89 2562.89 50
 6 2540.65 2562.89 50
 6 2505.07 2562.89 50
 6 2481.84 2562.89 50
 6 2435.69 2562.89 50
 6 2375.84 2562.89 50
 6 2300.88 2562.89 50
 6 2225.63 2562.89 50
 6 2145.36 2562.89 50
 6 2058.6 2562.89 50
 6 1975.7 2562.89 50
 6 1899.25 2562.89 50
 6 1828.25 2562.89 50
 6 1764.57 2562.89 50
 6 1715.65 2562.89 50
 6 1674.11 2562.89 50
 6 1643.59 2562.89 50
 6 1620.36 2562.89 50
 6 1597.86 2562.89 50
 6 1581.16 2562.89 50
 6 1572.16 2562.89 50
 6 1564.89 2562.89 50
 6 1560.09 2562.89 50
 6 1556.05 2562.89 50
 0 1947.93 -1000 50
 0 2301.06 2301.06 50
 0 2306.71 2306.71 50
 0 2320.95 2320.95 50
 0 2337.92 2337.92 50
 0 2361.1 2361.1 50
 0 2382.23 2382.23 50
 0 2387.87 2387.87 50
 0 2357.36 2387.87 50
 0 2310.59 2387.87 50
 0 2252.5 2387.87 50
 0 2304.33 2387.87 50
 0 2303.54 2387.87 50
 0 2259.83 2387.87 50
 0 2186.68 2387.87 50
 0 2102.83 2387.87 50
 0 2015.79 2387.87 50
 0 1930.19 2387.87 50
 0 1852.84 2387.87 50
 0 1784.65 2387.87 50
 0 1722.01 2387.87 50
 0 1668.4 2387.87 50
 0 1626.51 2387.87 50
 0 1596.42 2387.87 50
 0 1572.01 2387.87 50
 0 1552.27 2387.87 50
 0 1540.98 2387.87 50
 0 1533.62 2387.87 50
 0 1528.14 2387.87 50
 0 1523.93 2387.87 50
 14 553.482 -1000 50
 14 3015.97 3015.97 50
 14 3547.01 3547.01 50
 14 3551.29 3551.29 50
 14 3560.19 3560.19 50
 14 3570.65 3570.65 50
 14 3580.67 3580.67 50
 14 3592.36 3592.36 50
 14 3570.74 3592.36 50
 14 3525.09 3592.36 50
 14 3464.26 3592.36 50
 14 3396.04 3592.36 50
 14 3328.59 3592.36 50
 14 3257.7 3592.36 50
 14 3174.16 3592.36 50
 14 3084.22 3592.36 50
 14 2996.97 3592.36 50
 14 2914.98 3592.36 50
 14 2841.91 3592.36 50
 14 2777.7 3592.36 50
 14 2719.32 3592.36 50
 14 2671.38 3592.36 50
 14 2633.82 3592.36 50
 14 2600.32 3592.36 50
 14 2575.57 3592.36 50
 14 2554.85 3592.36 50
 14 2539.25 3592.36 50
 14 2677.57 3592.36 50
 14 2763.14 3592.36 50
 14 2804.12 3592.36 50
 8 0 -1000 50
 8 0 0 50
 8 869.432 869.432 50
 8 2785.8 2785.8 50
 8 2787.62 2787.62 50
 8 2796.48 2796.48 50
 8 2808.92 2808.92 50
 8 2814.54 2814.54 50
 8 2797.96 2814.54 50
 8 2768.93 2814.54 50
 8 2733.2 2814.54 50
 8 2689.23 2814.54 50
 8 2627.5 2814.54 50
 8 2554.81 2814.54 50
 8 2494.39 2814.54 50
 8 2428.7 2814.54 50
 8 2347.26 2814.54 50
 8 2267.76 2814.54 50
 8 2192.57 2814.54 50
 8 2122.84 2814.54 50
 8 2067.45 2814.54 50
 8 2019.75 2814.54 50
 8 1982.37 2814.54 50
 8 1948.77 2814.54 50
 8 1923.87 2814.54 50
 8 1903.37 2814.54 50
 8 1888.49 2814.54 50
 8 1875.75 2814.54 50
 8 1868.36 2814.54 50
 8 1864.09 2814.54 50
 6 0 -1000 50
 6 0 0 50
 6 1976.69 1976.69 50
 6 2850.01 2850.01 50
 6 2850.36 2850.36 50
 6 2852.4 2852.4 50
 6 2856.15 2856.15 50
 6 2864.91 2864.91 50
 6 2861.8 2864.91 50
 6 2831.87 2864.91 50
 6 2784.18 2864.91 50
 6 2727.91 2864.91 50
 6 2673.66 2864.91 50
 6 2608.82 2864.91 50
 6 2531.38 2864.91 50
 6 2473.53 2864.91 50
 6 2394.23 2864.91 50
 6 2321.23 2864.91 50
 6 2254.75 2864.91 50
 6 2199.81 2864.91 50
 6 2154.44 2864.91 50
 6 2115.54 2864.91 50
 6 2085.57 2864.91 50
 6 2062.1 2864.91 50
 6 2042.23 2864.91 50
 6 2028.5 2864.91 50
 6 2015.52 2864.91 50
 6 2006.28 2864.91 50
 6 2000.62 2864.91 50
 6 1994.46 2864.91 50
 15 0 -1000 60
 15 0 0 60
 15 1975.07 1975.07 60
 15 3474.45 3474.45 60
 15 3482.63 3482.63 60
 15 3502.44 3502.44 60
 15 3528.96 3528.96 60
 15 3559.47 3559.47 60
 15 3594.59 3594.59 60
 15 3629.51 3629.51 60
 15 3662.01 3662.01 60
 15 3652.04 3662.01 60
 15 3609.7 3662.01 60
 15 3544.63 3662.01 60
 15 3472.32 3662.01 60
 15 3397.32 3662.01 60
 15 3327.12 3662.01 60
 15 3252.23 3662.01 60
 15 3171.04 3662.01 60
 15 3084.44 3662.01 60
 15 3003.17 3662.01 60
 15 2928.32 3662.01 60
 15 2861.75 3662.01 60
 15 2808.72 3662.01 60
 15 2761.18 3662.01 60
 15 2723.03 3662.01 60
 15 2694.76 3662.01 60
 15 2672.41 3662.01 60
 15 2655.76 3662.01 60
 15 2645.46 3662.01 60
 14 0 -1000 60
 14 0 0 60
 14 2853.02 2853.02 60
 14 2893.26 2893.26 60
 14 2891.46 2893.26 60
 14 2891.04 2893.26 60
 14 2892.62 2893.26 60
 14 2897.72 2897.72 60
 14 2906.3 2906.3 60
 14 2918.81 2918.81 60
 14 2932.68 2932.68 60
 14 2948.46 2948.46 60
 14 2925.04 2948.46 60
 14 2865.78 2948.46 60
 14 2786.24 2948.46 60
 14 2700.7 2948.46 60
 14 2615.7 2948.46 60
 14 2533.18 2948.46 60
 14 2484.52 2948.46 60
 14 2423.19 2948.46 60
 14 2373.33 2948.46 60
 14 2331.47 2948.46 60
 14 2301.04 2948.46 60
 14 2279.06 2948.46 60
 14 2261.88 2948.46 60
 14 2251.21 2948.46 60
 14 2242.06 2948.46 60
 14 2238.84 2948.46 60
 14 2236.14 2948.46 60
 14 2233.62 2948.46 60
 0 0 -1000 60
 0 929.59 929.59 60
 0 3329.57 3329.57 60
 0 3341.4 3341.4 60
 0 3357.97 3357.97 60
 0 3381.8 3381.8 60
 0 3411.29 3411.29 60
 0 3439.02 3439.02 60
 0 3472.14 3472.14 60
 0 3502.26 3502.26 60
 0 3483.91 3502.26 60
 0 3436.94 3502.26 60
 0 3374.15 3502.26 60
 0 3304.17 3502.26 60
 0 3227.02 3502.26 60
 0 3159.72 3502.26 60
 0 3083.86 3502.26 60
 0 3139.48 3502.26 60
 0 3136.8 3502.26 60
 0 3094.71 3502.26 60
 0 3028.15 3502.26 60
 0 2948.15 3502.26 60
 0 2863.8 3502.26 60
 0 2924.2 3502.26 60
 0 2935.96 3502.26 60
 0 2911.26 3502.26 60
 0 2864.7 3502.26 60
 0 2803.71 3502.26 60
 0 2737.85 3502.26 60
 0 2671.38 3502.26 60
 6 0 -1000 60
 6 0 0 60
 6 1026.72 1026.72 60
 6 3491.32 3491.32 60
 6 3501.87 3501.87 60
 6 3526.65 3526.65 60
 6 3557.61 3557.61 60
 6 3588.15 3588.15 60
 6 3626.08 3626.08 60
 6 3657.44 3657.44 60
 6 3695.91 3695.91 60
 6 3706.57 3706.57 60
 6 3674.97 3706.57 60
 6 3622.54 3706.57 60
 6 3554.57 3706.57 60
 6 3484 3706.57 60
 6 3601.82 3706.57 60
 6 3646.4 3706.57 60
 6 3619.87 3706.57 60
 6 3543.34 3706.57 60
 6 3442.68 3706.57 60
 6 3327.87 3706.57 60
 6 3210.58 3706.57 60
 6 3098.19 3706.57 60
 6 2995.61 3706.57 60
 6 2901.67 3706.57 60
 6 2979.05 3706.57 60
 6 3006.22 3706.57 60
 6 3002.39 3706.57 60
 6 2977.59 3706.57 60
 8 0 -1000 60
 8 0 0 60
 8 1664.89 1664.89 60
 8 3308.02 3308.02 60
 8 3315.12 3315.12 60
 8 3333.8 3333.8 60
 8 3359.24 3359.24 60
 8 3383.11 3383.11 60
 8 3411.79 3411.79 60
 8 3443.9 3443.9 60
 8 3463.29 3463.29 60
 8 3440.69 3463.29 60
 8 3387.65 3463.29 60
 8 3315.96 3463.29 60
 8 3238.67 3463.29 60
 8 3159.51 3463.29 60
 8 3088.41 3463.29 60
 8 3016.1 3463.29 60
 8 2937.93 3463.29 60
 8 2859.92 3463.29 60
 8 2788.89 3463.29 60
 8 2721.76 3463.29 60
 8 2664.55 3463.29 60
 8 2620.39 3463.29 60
 8 2582.79 3463.29 60
 8 2558.65 3463.29 60
 8 2537.1 3463.29 60
 8 2522.59 3463.29 60
 8 2510.28 3463.29 60
 8 2499.67 3463.29 60
 14 0 -1000 60
 14 0 0 60
 14 618.948 618.948 60
 14 2927.88 2927.88 60
 14 3273.71 3273.71 60
 14 3274.5 3274.5 60
 14 3280.78 3280.78 60
 14 3291.97 3291.97 60
 14 3303.26 3303.26 60
 14 3313.96 3313.96 60
 14 3331.33 3331.33 60
 14 3343.29 3343.29 60
 14 3325.13 3343.29 60
 14 3269.44 3343.29 60
 14 3192 3343.29 60
 14 3106.18 3343.29 60
 14 3021.55 3343.29 60
 14 2941.3 3343.29 60
 14 2867.99 3343.29 60
 14 2804.36 3343.29 60
 14 2746.67 3343.29 60
 14 2696.39 3343.29 60
 14 2656.84 3343.29 60
 14 2623.64 3343.29 60
 14 2600.81 3343.29 60
 14 2579.89 3343.29 60
 14 2565.52 3343.29 60
 14 2694.77 3343.29 60
 14 2770.03 3343.29 60
 14 2802.3 3343.29 60
 15 0 -1000 70
 15 0 0 70
 15 1004.61 1004.61 70
 15 3588.57 3588.57 70
 15 3599.15 3599.15 70
 15 3615 3615 70
 15 3643.53 3643.53 70
 15 3681.11 3681.11 70
 15 3722.71 3722.71 70
 15 3766.27 3766.27 70
 15 3805.77 3805.77 70
 15 3844.75 3844.75 70
 15 3880.26 3880.26 70
 15 3909.26 3909.26 70
 15 3894.64 3909.26 70
 15 3836.05 3909.26 70
 15 3748.18 3909.26 70
 15 3650.86 3909.26 70
 15 3545.69 3909.26 70
 15 3446.35 3909.26 70
 15 3356.81 3909.26 70
 15 3278.32 3909.26 70
 15 3210.06 3909.26 70
 15 3151.39 3909.26 70
 15 3097.05 3909.26 70
 15 3044.88 3909.26 70
 15 3002.05 3909.26 70
 15 2961.08 3909.26 70
 15 2926.9 3909.26 70
 15 2896.83 3909.26 70
 6 203.442 -1000 70
 6 141.032 141.032 70
 6 672.655 672.655 70
 6 3796.87 3796.87 70
 6 3812.49 3812.49 70
 6 3843.81 3843.81 70
 6 3887.66 3887.66 70
 6 3935.71 3935.71 70
 6 3985.47 3985.47 70
 6 4250.15 4250.15 70
 6 4384.91 4384.91 70
 6 4424.72 4424.72 70
 6 4393.85 4424.72 70
 6 4320.74 4424.72 70
 6 4222.43 4424.72 70
 6 4101.37 4424.72 70
 6 3957.57 4424.72 70
 6 3800.28 4424.72 70
 6 3646.29 4424.72 70
 6 3503.27 4424.72 70
 6 3365.19 4424.72 70
 6 3233.18 4424.72 70
 6 3106.47 4424.72 70
 6 2992.73 4424.72 70
 6 2887.11 4424.72 70
 6 2795.62 4424.72 70
 6 2716.45 4424.72 70
 6 2652.43 4424.72 70
 6 2600.11 4424.72 70
 6 2557.75 4424.72 70
 0 0 -1000 70
 0 1292.45 1292.45 70
 0 4207.84 4207.84 70
 0 4222 4222 70
 0 4247.68 4247.68 70
 0 4279.14 4279.14 70
 0 4319.97 4319.97 70
 0 4365.06 4365.06 70
 0 4413.39 4413.39 70
 0 4459.01 4459.01 70
 0 4720.14 4720.14 70
 0 4848.11 4848.11 70
 0 4874.03 4874.03 70
 0 4833.69 4874.03 70
 0 4749.34 4874.03 70
 0 4640.74 4874.03 70
 0 4513.28 4874.03 70
 0 4353.66 4874.03 70
 0 4186.63 4874.03 70
 0 4024.42 4874.03 70
 0 3873.08 4874.03 70
 0 3734.82 4874.03 70
 0 3610.22 4874.03 70
 0 3503.29 4874.03 70
 0 3414.37 4874.03 70
 0 3343.21 4874.03 70
 0 3282.43 4874.03 70
 0 3238.82 4874.03 70
 0 3206.03 4874.03 70
 0 3179.49 4874.03 70
 14 0 -1000 70
 14 210.906 210.906 70
 14 3628.43 3628.43 70
 14 3683.74 3683.74 70
 14 3780.75 3780.75 70
 14 3898.25 3898.25 70
 14 4026.17 4026.17 70
 14 4158.86 4158.86 70
 14 4283.65 4283.65 70
 14 4404.76 4404.76 70
 14 4464.18 4464.18 70
 14 4469.25 4469.25 70
 14 4436.44 4469.25 70
 14 4380.17 4469.25 70
 14 4314.6 4469.25 70
 14 4244.19 4469.25 70
 14 4177.81 4469.25 70
 14 4526.48 4526.48 70
 14 4693.47 4693.47 70
 14 4726.34 4726.34 70
 14 4672.38 4726.34 70
 14 4553.19 4726.34 70
 14 4401.54 4726.34 70
 14 4235.92 4726.34 70
 14 4071.04 4726.34 70
 14 3915.67 4726.34 70
 14 3777.89 4726.34 70
 14 3851.33 4726.34 70
 14 3866.15 4726.34 70
 14 3844.62 4726.34 70
 8 0 -1000 70
 8 0 0 70
 8 1520.62 1520.62 70
 8 3827.23 3827.23 70
 8 3840.1 3840.1 70
 8 3867.44 3867.44 70
 8 3902.19 3902.19 70
 8 3944.12 3944.12 70
 8 3989.61 3989.61 70
 8 4036.24 4036.24 70
 8 4057 4057 70
 8 4043.01 4057 70
 8 4003.38 4057 70
 8 3951.43 4057 70
 8 3894.94 4057 70
 8 3835.63 4057 70
 8 3777.1 4057 70
 8 3696.26 4057 70
 8 3603.03 4057 70
 8 3504.71 4057 70
 8 3411.62 4057 70
 8 3327.72 4057 70
 8 3252.69 4057 70
 8 3184.07 4057 70
 8 3126.37 4057 70
 8 3253.19 4057 70
 8 3324.08 4057 70
 8 3352.6 4057 70
 8 3346.47 4057 70
 8 3321.47 4057 70
 6 0 -1000 70
 6 0 0 70
 6 2161.82 2161.82 70
 6 4188.82 4188.82 70
 6 4188.32 4188.82 70
 6 4192.54 4192.54 70
 6 4201.47 4201.47 70
 6 4210.3 4210.3 70
 6 4224.43 4224.43 70
 6 4239.46 4239.46 70
 6 4256.11 4256.11 70
 6 4275.2 4275.2 70
 6 4251.8 4275.2 70
 6 4184.13 4275.2 70
 6 4089.4 4275.2 70
 6 3986.19 4275.2 70
 6 3878.48 4275.2 70
 6 3777.37 4275.2 70
 6 3688.82 4275.2 70
 6 3612.77 4275.2 70
 6 3547.19 4275.2 70
 6 3480.09 4275.2 70
 6 3402.5 4275.2 70
 6 3323.52 4275.2 70
 6 3246.5 4275.2 70
 6 3175.46 4275.2 70
 6 3112.06 4275.2 70
 6 3055.72 4275.2 70
 6 3012.62 4275.2 70
 6 2977.31 4275.2 70
 15 0 -1000 80
 15 1057.49 1057.49 80
 15 4428.84 4428.84 80
 15 4448.14 4448.14 80
 15 4479.43 4479.43 80
 15 4520.52 4520.52 80
 15 4574.87 4574.87 80
 15 4638.04 4638.04 80
 15 4695.78 4695.78 80
 15 4756.21 4756.21 80
 15 4809.61 4809.61 80
 15 4847.32 4847.32 80
 15 4851.19 4851.19 80
 15 4806.61 4851.19 80
 15 4734.33 4851.19 80
 15 4646.1 4851.19 80
 15 4554.48 4851.19 80
 15 4463.08 4851.19 80
 15 4377.24 4851.19 80
 15 4298.96 4851.19 80
 15 4211.16 4851.19 80
 15 4113.29 4851.19 80
 15 4014.86 4851.19 80
 15 3920.35 4851.19 80
 15 3828.93 4851.19 80
 15 3748.03 4851.19 80
 15 3680.33 4851.19 80
 15 3624.16 4851.19 80
 15 3580.97 4851.19 80
 15 3546.49 4851.19 80
 14 0 -1000 80
 14 0 0 80
 14 378.232 378.232 80
 14 4399.35 4399.35 80
 14 4429.54 4429.54 80
 14 4481.04 4481.04 80
 14 4550.32 4550.32 80
 14 4626.34 4626.34 80
 14 4701.52 4701.52 80
 14 4775.51 4775.51 80
 14 4843.44 4843.44 80
 14 4907.75 4907.75 80
 14 4920.8 4920.8 80
 14 4895.6 4920.8 80
 14 4843.04 4920.8 80
 14 4776.89 4920.8 80
 14 4707.41 4920.8 80
 14 4639.94 4920.8 80
 14 4575.81 4920.8 80
 14 4502.83 4920.8 80
 14 4408.22 4920.8 80
 14 4306.91 4920.8 80
 14 4208.15 4920.8 80
 14 4114.84 4920.8 80
 14 4030.63 4920.8 80
 14 3957.71 4920.8 80
 14 3896.93 4920.8 80
 14 3845.26 4920.8 80
 14 3805.86 4920.8 80
 14 3771.4 4920.8 80
 0 0 -1000 80
 0 366.05 366.05 80
 0 4591.7 4591.7 80
 0 4614.89 4614.89 80
 0 4663.23 4663.23 80
 0 4724.72 4724.72 80
 0 4795.65 4795.65 80
 0 4868.93 4868.93 80
 0 4940.71 4940.71 80
 0 5009.91 5009.91 80
 0 5064.15 5064.15 80
 0 5342.46 5342.46 80
 0 5474.67 5474.67 80
 0 5505.03 5505.03 80
 0 5460.65 5505.03 80
 0 5369.47 5505.03 80
 0 5251.62 5505.03 80
 0 5097 5505.03 80
 0 4917.63 5505.03 80
 0 4734.82 5505.03 80
 0 4556.61 5505.03 80
 0 4389.84 5505.03 80
 0 4242.91 5505.03 80
 0 4116.96 5505.03 80
 0 4011.83 5505.03 80
 0 3921.09 5505.03 80
 0 3844.69 5505.03 80
 0 3783.86 5505.03 80
 0 3735.77 5505.03 80
 0 3701.48 5505.03 80
 6 508.631 -1000 80
 6 517.153 517.153 80
 6 4639.1 4639.1 80
 6 4650.27 4650.27 80
 6 4671.53 4671.53 80
 6 4706.3 4706.3 80
 6 4745.95 4745.95 80
 6 4790.89 4790.89 80
 6 4837.2 4837.2 80
 6 4882.1 4882.1 80
 6 4919.8 4919.8 80
 6 4960.75 4960.75 80
 6 4958.74 4960.75 80
 6 4909.1 4960.75 80
 6 4830.14 4960.75 80
 6 4737.21 4960.75 80
 6 4638.75 4960.75 80
 6 4547.26 4960.75 80
 6 4464.66 4960.75 80
 6 4392.23 4960.75 80
 6 4318.4 4960.75 80
 6 4226.26 4960.75 80
 6 4138.17 4960.75 80
 6 4050.34 4960.75 80
 6 4189.1 4960.75 80
 6 4469.3 4960.75 80
 6 4617.99 4960.75 80
 6 4660.2 4960.75 80
 6 4633.23 4960.75 80
 6 4555.82 4960.75 80
 8 1371.47 -1000 80
 8 4096.46 4096.46 80
 8 4117.24 4117.24 80
 8 4154.04 4154.04 80
 8 4201.27 4201.27 80
 8 4257.57 4257.57 80
 8 4312.58 4312.58 80
 8 4365.95 4365.95 80
 8 4422.7 4422.7 80
 8 4474.82 4474.82 80
 8 4797.31 4797.31 80
 8 4982.85 4982.85 80
 8 5029.5 5029.5 80
 8 4980.84 5029.5 80
 8 4870.46 5029.5 80
 8 4723.42 5029.5 80
 8 4561.07 5029.5 80
 8 4400.92 5029.5 80
 8 4244.14 5029.5 80
 8 4106.79 5029.5 80
 8 3983.5 5029.5 80
 8 3862.04 5029.5 80
 8 3753.21 5029.5 80
 8 3654.48 5029.5 80
 8 3570.11 5029.5 80
 8 3499.03 5029.5 80
 8 3442.83 5029.5 80
 8 3396.71 5029.5 80
 8 3361.65 5029.5 80
 8 3339.69 5029.5 80
 14 4247.85 -1000 80
 14 4364.95 4364.95 80
 14 4499.41 4499.41 80
 14 4634.86 4634.86 80
 14 4763.6 4763.6 80
 14 4887.01 4887.01 80
 14 4994.23 4994.23 80
 14 5041.06 5041.06 80
 14 5043.06 5043.06 80
 14 5011.96 5043.06 80
 14 4963.1 5043.06 80
 14 4906.74 5043.06 80
 14 4839.06 5043.06 80
 14 4777.02 5043.06 80
 14 4706.93 5043.06 80
 14 4607.19 5043.06 80
 14 4498.56 5043.06 80
 14 4383.08 5043.06 80
 14 4275.77 5043.06 80
 14 4175.07 5043.06 80
 14 4090.27 5043.06 80
 14 4014.97 5043.06 80
 14 3949.55 5043.06 80
 14 3897.77 5043.06 80
 14 3854.69 5043.06 80
 14 3820.27 5043.06 80
 14 3791.11 5043.06 80
 14 3767.83 5043.06 80
 14 3749.48 5043.06 80
 14 3733.52 5043.06 80
 15 0 -1000 90
 15 1214.91 1214.91 90
 15 4417.16 4417.16 90
 15 4443.3 4443.3 90
 15 4491.35 4491.35 90
 15 4555.6 4555.6 90
 15 4628.2 4628.2 90
 15 4711.57 4711.57 90
 15 4791.05 4791.05 90
 15 4862.36 4862.36 90
 15 4933.23 4933.23 90
 15 4997.13 4997.13 90
 15 5058.56 5058.56 90
 15 5110.28 5110.28 90
 15 5144.29 5144.29 90
 15 5134.44 5144.29 90
 15 5068.37 5144.29 90
 15 4968.86 5144.29 90
 15 4855.47 5144.29 90
 15 4735.08 5144.29 90
 15 4616.29 5144.29 90
 15 4752.34 5144.29 90
 15 4806.62 5144.29 90
 15 4797.11 5144.29 90
 15 4737.24 5144.29 90
 15 4641.34 5144.29 90
 15 4532.14 5144.29 90
 15 4413.03 5144.29 90
 15 4293 5144.29 90
 15 4179.82 5144.29 90
 6 0 -1000 90
 6 0 0 90
 6 1089.21 1089.21 90
 6 5034.12 5034.12 90
 6 5054.62 5054.62 90
 6 5089 5089 90
 6 5126.4 5126.4 90
 6 5173.34 5173.34 90
 6 5220.82 5220.82 90
 6 5275.73 5275.73 90
 6 5328.21 5328.21 90
 6 5375.29 5375.29 90
 6 5414.61 5414.61 90
 6 5404.71 5414.61 90
 6 5352.25 5414.61 90
 6 5274.9 5414.61 90
 6 5184.49 5414.61 90
 6 5094.89 5414.61 90
 6 5015.37 5414.61 90
 6 4939.52 5414.61 90
 6 4872.9 5414.61 90
 6 4801.75 5414.61 90
 6 4710.21 5414.61 90
 6 4614.65 5414.61 90
 6 4520.25 5414.61 90
 6 4429.06 5414.61 90
 6 4347.64 5414.61 90
 6 4275.38 5414.61 90
 6 4211.08 5414.61 90
 6 4156.92 5414.61 90
 0 0 -1000 90
 0 3946.06 3946.06 90
 0 4050.36 4050.36 90
 0 4571.09 4571.09 90
 0 5004.65 5004.65 90
 0 5349.54 5349.54 90
 0 5627.05 5627.05 90
 0 5837.67 5837.67 90
 0 5985.47 5985.47 90
 0 6088.01 6088.01 90
 0 6106.39 6106.39 90
 0 6058.57 6106.39 90
 0 5969.7 6106.39 90
 0 5854.49 6106.39 90
 0 5732.68 6106.39 90
 0 5613.79 6106.39 90
 0 5501.44 6106.39 90
 0 5680.32 6106.39 90
 0 5725.17 6106.39 90
 0 5680.8 6106.39 90
 0 5575.76 6106.39 90
 0 5433.48 6106.39 90
 0 5271.37 6106.39 90
 0 5106.28 6106.39 90
 0 4942.91 6106.39 90
 0 4791.44 6106.39 90
 0 4660.47 6106.39 90
 0 4784.64 6106.39 90
 0 4833.78 6106.39 90
 0 4820.85 6106.39 90
 14 0 -1000 90
 14 0 0 90
 14 0 0 90
 14 4120.21 4120.21 90
 14 4216.64 4216.64 90
 14 4361.04 4361.04 90
 14 4533.66 4533.66 90
 14 5056.3 5056.3 90
 14 5456.33 5456.33 90
 14 5752.26 5752.26 90
 14 5920.53 5920.53 90
 14 5978.57 5978.57 90
 14 5958.1 5978.57 90
 14 5887.66 5978.57 90
 14 5790.71 5978.57 90
 14 5676.2 5978.57 90
 14 5560.84 5978.57 90
 14 5448.29 5978.57 90
 14 5325.04 5978.57 90
 14 5187.09 5978.57 90
 14 5043 5978.57 90
 14 4901.9 5978.57 90
 14 4775.78 5978.57 90
 14 4664.47 5978.57 90
 14 4568.33 5978.57 90
 14 4484.04 5978.57 90
 14 4409.35 5978.57 90
 14 4349.28 5978.57 90
 14 4294.48 5978.57 90
 14 4250.41 5978.57 90
 8 4841.81 -1000 90
 8 4865.3 4865.3 90
 8 4891.89 4891.89 90
 8 4937.25 4937.25 90
 8 4993.76 4993.76 90
 8 5054.25 5054.25 90
 8 5112.2 5112.2 90
 8 5175.75 5175.75 90
 8 5231.07 5231.07 90
 8 5285.71 5285.71 90
 8 5326.41 5326.41 90
 8 5329.19 5329.19 90
 8 5278.95 5329.19 90
 8 5187.4 5329.19 90
 8 5081.3 5329.19 90
 8 4965.66 5329.19 90
 8 4857.94 5329.19 90
 8 4757.22 5329.19 90
 8 4666.51 5329.19 90
 8 4588.32 5329.19 90
 8 4522.37 5329.19 90
 8 4454.59 5329.19 90
 8 4384.5 5329.19 90
 8 4313.4 5329.19 90
 8 4245.48 5329.19 90
 8 4182.84 5329.19 90
 8 4127.94 5329.19 90
 8 4076.11 5329.19 90
 8 4034.03 5329.19 90
 8 4003.93 5329.19 90
 6 806.057 -1000 90
 6 5108.42 5108.42 90
 6 5115.12 5115.12 90
 6 5130.67 5130.67 90
 6 5156.71 5156.71 90
 6 5189.98 5189.98 90
 6 5227.36 5227.36 90
 6 5272.7 5272.7 90
 6 5317.95 5317.95 90
 6 5354.21 5354.21 90
 6 5347 5354.21 90
 6 5297.99 5354.21 90
 6 5235.74 5354.21 90
 6 5163.99 5354.21 90
 6 5091.84 5354.21 90
 6 5021.26 5354.21 90
 6 4959.97 5354.21 90
 6 4869.19 5354.21 90
 6 4766.24 5354.21 90
 6 4655.61 5354.21 90
 6 4552.12 5354.21 90
 6 4455.7 5354.21 90
 6 4364.7 5354.21 90
 6 4288.9 5354.21 90
 6 4220.46 5354.21 90
 6 4159.11 5354.21 90
 6 4110.88 5354.21 90
 6 4070.53 5354.21 90
 6 4039.05 5354.21 90
 6 4009.84 5354.21 90
 15 0 -1000 100
 15 111.585 111.585 100
 15 5124.87 5124.87 100
 15 5192.08 5192.08 100
 15 5321.79 5321.79 100
 15 5480.92 5480.92 100
 15 5641.09 5641.09 100
 15 5778.59 5778.59 100
 15 5893.81 5893.81 100
 15 5989.1 5989.1 100
 15 6062.57 6062.57 100
 15 6103.74 6103.74 100
 15 6109.3 6109.3 100
 15 6089.81 6109.3 100
 15 6051.54 6109.3 100
 15 6006.23 6109.3 100
 15 5939.66 6109.3 100
 15 5850.75 6109.3 100
 15 5762.13 6109.3 100
 15 5671.45 6109.3 100
 15 5577.07 6109.3 100
 15 5468.88 6109.3 100
 15 5368.71 6109.3 100
 15 5272.86 6109.3 100
 15 5173.29 6109.3 100
 15 5070.62 6109.3 100
 15 4977.1 6109.3 100
 15 4890.13 6109.3 100
 15 4809.46 6109.3 100
 15 4742.89 6109.3 100
 14 0 -1000 100
 14 0 0 100
 14 427.388 427.388 100
 14 5381.61 5381.61 100
 14 5401.41 5401.41 100
 14 5435.46 5435.46 100
 14 5474.69 5474.69 100
 14 5528.76 5528.76 100
 14 5585.56 5585.56 100
 14 5645.21 5645.21 100
 14 5705.37 5705.37 100
 14 6083.05 6083.05 100
 14 6279.43 6279.43 100
 14 6342.09 6342.09 100
 14 6301.8 6342.09 100
 14 6208.4 6342.09 100
 14 6076.05 6342.09 100
 14 5927.5 6342.09 100
 14 5779.54 6342.09 100
 14 5630.06 6342.09 100
 14 5456.97 6342.09 100
 14 5275.91 6342.09 100
 14 5095.59 6342.09 100
 14 4936.89 6342.09 100
 14 4796.47 6342.09 100
 14 4673.24 6342.09 100
 14 4572.63 6342.09 100
 14 4488.22 6342.09 100
 14 4417.74 6342.09 100
 14 4362.21 6342.09 100
 0 0 -1000 100
 0 0 0 100
 0 3282.51 3282.51 100
 0 6080.58 6080.58 100
 0 6085.39 6085.39 100
 0 6088.38 6088.38 100
 0 6108.17 6108.17 100
 0 6096.34 6108.17 100
 0 6064.67 6108.17 100
 0 6023.67 6108.17 100
 0 5978.4 6108.17 100
 0 5924.63 6108.17 100
 0 5856.76 6108.17 100
 0 5784.43 6108.17 100
 0 5711.93 6108.17 100
 0 5629.82 6108.17 100
 0 5546.14 6108.17 100
 0 5456.89 6108.17 100
 0 5367.27 6108.17 100
 0 5271.63 6108.17 100
 0 5173.56 6108.17 100
 0 5080.49 6108.17 100
 0 4980.87 6108.17 100
 0 4885.6 6108.17 100
 0 4794.03 6108.17 100
 0 4699.8 6108.17 100
 0 4607 6108.17 100
 0 4515.08 6108.17 100
 0 4432.9 6108.17 100
 0 4359.79 6108.17 100
 6 0 -1000 100
 6 0 0 100
 6 905.417 905.417 100
 6 6009.28 6009.28 100
 6 6016.15 6016.15 100
 6 6027.66 6027.66 100
 6 6044.48 6044.48 100
 6 6073.96 6073.96 100
 6 6110.96 6110.96 100
 6 6148.23 6148.23 100
 6 6189.93 6189.93 100
 6 6231.09 6231.09 100
 6 6272.69 6272.69 100
 6 6297.16 6297.16 100
 6 6254.39 6297.16 100
 6 6180.03 6297.16 100
 6 6086.28 6297.16 100
 6 5989.64 6297.16 100
 6 6208.76 6297.16 100
 6 6320.99 6320.99 100
 6 6344.1 6344.1 100
 6 6283.68 6344.1 100
 6 6161.55 6344.1 100
 6 5997.88 6344.1 100
 6 5822.34 6344.1 100
 6 5641.93 6344.1 100
 6 5472.66 6344.1 100
 6 5314.34 6344.1 100
 6 5443.38 6344.1 100
 6 5488.73 6344.1 100
 8 0 -1000 100
 8 0 0 100
 8 236.552 236.552 100
 8 4245.3 4245.3 100
 8 4309.18 4309.18 100
 8 4420.48 4420.48 100
 8 4551.82 4551.82 100
 8 4703.7 4703.7 100
 8 4863.52 4863.52 100
 8 5018.44 5018.44 100
 8 5155.37 5155.37 100
 8 5283.03 5283.03 100
 8 5391.14 5391.14 100
 8 5488.9 5488.9 100
 8 5511.24 5511.24 100
 8 5481.79 5511.24 100
 8 5422.33 5511.24 100
 8 5340.38 5511.24 100
 8 5252.73 5511.24 100
 8 5164.28 5511.24 100
 8 5082.6 5511.24 100
 8 5266.31 5511.24 100
 8 5328.17 5511.24 100
 8 5306.87 5511.24 100
 8 5225.29 5511.24 100
 8 5109.85 5511.24 100
 8 4973.36 5511.24 100
 8 4833.32 5511.24 100
 8 4704.11 5511.24 100
 8 4581.43 5511.24 100
 14 0 -1000 100
 14 0 0 100
 14 210.909 210.909 100
 14 4743.71 4743.71 100
 14 4810.39 4810.39 100
 14 4915.11 4915.11 100
 14 5055.06 5055.06 100
 14 5203.56 5203.56 100
 14 5358.1 5358.1 100
 14 5505.81 5505.81 100
 14 5646.49 5646.49 100
 14 5746.81 5746.81 100
 14 5790.62 5790.62 100
 14 5795.5 5795.5 100
 14 5767.13 5795.5 100
 14 5730.19 5795.5 100
 14 5682.07 5795.5 100
 14 5626 5795.5 100
 14 5577.87 5795.5 100
 14 5504.05 5795.5 100
 14 5412.27 5795.5 100
 14 5312.65 5795.5 100
 14 5212.23 5795.5 100
 14 5125.96 5795.5 100
 14 5039.7 5795.5 100
 14 4955.51 5795.5 100
 14 4872.92 5795.5 100
 14 4796.06 5795.5 100
 14 4729.39 5795.5 100
 14 4665.41 5795.5 100
 15 0 -1000 110
 15 464.17 464.17 110
 15 5178.08 5178.08 110
 15 5216.52 5216.52 110
 15 5281.15 5281.15 110
 15 5367.93 5367.93 110
 15 5465.99 5465.99 110
 15 5547.27 5547.27 110
 15 5591.93 5591.93 110
 15 5605.49 5605.49 110
 15 5602.4 5605.49 110
 15 5589.31 5605.49 110
 15 5569.58 5605.49 110
 15 5524.25 5605.49 110
 15 5460.02 5605.49 110
 15 5385.62 5605.49 110
 15 5309.02 5605.49 110
 15 5231.92 5605.49 110
 15 5143.18 5605.49 110
 15 5048.06 5605.49 110
 15 4949.16 5605.49 110
 15 4857.24 5605.49 110
 15 4769.26 5605.49 110
 15 4682.88 5605.49 110
 15 4612.69 5605.49 110
 15 4548.11 5605.49 110
 15 4493.38 5605.49 110
 15 4447.81 5605.49 110
 15 4411.19 5605.49 110
 15 4379.71 5605.49 110
 6 0 -1000 110
 6 232.54 232.54 110
 6 5101.95 5101.95 110
 6 5184.73 5184.73 110
 6 5324.37 5324.37 110
 6 5484.12 5484.12 110
 6 5666.07 5666.07 110
 6 5849.16 5849.16 110
 6 6014.08 6014.08 110
 6 6176.69 6176.69 110
 6 6320.91 6320.91 110
 6 6446.08 6446.08 110
 6 6523.96 6523.96 110
 6 6537.61 6537.61 110
 6 6500.53 6537.61 110
 6 6440.44 6537.61 110
 6 6365.15 6537.61 110
 6 6282.53 6537.61 110
 6 6196.87 6537.61 110
 6 6447.48 6537.61 110
 6 6552.39 6552.39 110
 6 6549.89 6552.39 110
 6 6470.6 6552.39 110
 6 6345.04 6552.39 110
 6 6177.7 6552.39 110
 6 5993.87 6552.39 110
 6 5803.65 6552.39 110
 6 5615.52 6552.39 110
 6 5434.55 6552.39 110
 6 5273.32 6552.39 110
 0 0 -1000 110
 0 0 0 110
 0 306.144 306.144 110
 0 5327.58 5327.58 110
 0 5389.62 5389.62 110
 0 5494.5 5494.5 110
 0 5615.85 5615.85 110
 0 5757.55 5757.55 110
 0 5864.38 5864.38 110
 0 5949.72 5949.72 110
 0 6361.96 6361.96 110
 0 6627.49 6627.49 110
 0 6738.23 6738.23 110
 0 6745.6 6745.6 110
 0 6683.18 6745.6 110
 0 6579.13 6745.6 110
 0 6448.8 6745.6 110
 0 6279.09 6745.6 110
 0 6098.03 6745.6 110
 0 5915.93 6745.6 110
 0 5747 6745.6 110
 0 5581.57 6745.6 110
 0 5702.55 6745.6 110
 0 5733.26 6745.6 110
 0 5682.85 6745.6 110
 0 5579.01 6745.6 110
 0 5439.87 6745.6 110
 0 5283.07 6745.6 110
 0 5126.33 6745.6 110
 0 4980.49 6745.6 110
 14 0 -1000 110
 14 0 0 110
 14 10246.7 10246.7 110
 14 10479.9 10479.9 110
 14 10451.7 10479.9 110
 14 10227.7 10479.9 110
 14 9904.46 10479.9 110
 14 9518.41 10479.9 110
 14 9076.43 10479.9 110
 14 8632.19 10479.9 110
 14 8212.9 10479.9 110
 14 7831.48 10479.9 110
 14 7872.28 10479.9 110
 14 7793.2 10479.9 110
 14 7631.98 10479.9 110
 14 7428.56 10479.9 110
 14 7211.52 10479.9 110
 14 6990.16 10479.9 110
 14 6756.31 10479.9 110
 14 6525.6 10479.9 110
 14 6309.24 10479.9 110
 14 6110.5 10479.9 110
 14 5938.1 10479.9 110
 14 6089.14 10479.9 110
 14 6134.36 10479.9 110
 14 6106.28 10479.9 110
 14 6022.29 10479.9 110
 14 5910.46 10479.9 110
 14 5781.93 10479.9 110
 14 5656.19 10479.9 110
 8 0 -1000 110
 8 0 0 110
 8 183.197 183.197 110
 8 10755.3 10755.3 110
 8 10465.2 10755.3 110
 8 10015.8 10755.3 110
 8 9476.38 10755.3 110
 8 8859.99 10755.3 110
 8 8241.26 10755.3 110
 8 7648.44 10755.3 110
 8 7119.56 10755.3 110
 8 6657.6 10755.3 110
 8 6264.96 10755.3 110
 8 6486.36 10755.3 110
 8 6544.75 10755.3 110
 8 6469.92 10755.3 110
 8 6298.95 10755.3 110
 8 6083.13 10755.3 110
 8 5844.41 10755.3 110
 8 5589.98 10755.3 110
 8 5339.13 10755.3 110
 8 5102.46 10755.3 110
 8 5137.99 10755.3 110
 8 5105.63 10755.3 110
 8 5032.85 10755.3 110
 8 4929.89 10755.3 110
 8 4815.62 10755.3 110
 8 4701.24 10755.3 110
 8 4589.4 10755.3 110
 8 4486.05 10755.3 110
 6 0 -1000 110
 6 0 0 110
 6 355.598 355.598 110
 6 5629.54 5629.54 110
 6 5656.28 5656.28 110
 6 5716.11 5716.11 110
 6 5787.69 5787.69 110
 6 5866.77 5866.77 110
 6 5956.34 5956.34 110
 6 6041.57 6041.57 110
 6 6130.12 6130.12 110
 6 6203 6203 110
 6 6274.56 6274.56 110
 6 6335.08 6335.08 110
 6 6657.71 6657.71 110
 6 6808.89 6808.89 110
 6 6837.28 6837.28 110
 6 6788.47 6837.28 110
 6 6669.26 6837.28 110
 6 6531.45 6837.28 110
 6 6378.85 6837.28 110
 6 6208.24 6837.28 110
 6 6016.86 6837.28 110
 6 5817.12 6837.28 110
 6 5627.46 6837.28 110
 6 5449.58 6837.28 110
 6 5293.14 6837.28 110
 6 5156.82 6837.28 110
 6 5033.96 6837.28 110
 6 4935.8 6837.28 110
 15 0 -1000 120
 15 835.747 835.747 120
 15 6314.16 6314.16 120
 15 6474.27 6474.27 120
 15 6633.15 6633.15 120
 15 6712.49 6712.49 120
 15 6765.24 6765.24 120
 15 6887.86 6887.86 120
 15 7007.2 7007.2 120
 15 7086.36 7086.36 120
 15 7145.72 7145.72 120
 15 7155.42 7155.42 120
 15 7131.87 7155.42 120
 15 7082.59 7155.42 120
 15 7039.2 7155.42 120
 15 6960.67 7155.42 120
 15 6863.19 7155.42 120
 15 6756.04 7155.42 120
 15 6663.91 7155.42 120
 15 6565.39 7155.42 120
 15 6449.96 7155.42 120
 15 6335.15 7155.42 120
 15 6214.63 7155.42 120
 15 6097.84 7155.42 120
 15 5996.31 7155.42 120
 15 5901.32 7155.42 120
 15 5811.51 7155.42 120
 15 5713.54 7155.42 120
 15 5626.04 7155.42 120
 15 5535.83 7155.42 120
 14 0 -1000 120
 14 0 0 120
 14 913.608 913.608 120
 14 6279.59 6279.59 120
 14 6279.42 6279.59 120
 14 6665.52 6665.52 120
 14 6918.8 6918.8 120
 14 7073.37 7073.37 120
 14 7156.58 7156.58 120
 14 7168.79 7168.79 120
 14 7148.4 7168.79 120
 14 7105.75 7168.79 120
 14 7045.84 7168.79 120
 14 6957.46 7168.79 120
 14 6811.22 7168.79 120
 14 6976.66 7168.79 120
 14 7010.06 7168.79 120
 14 6958.84 7168.79 120
 14 6848.24 7168.79 120
 14 6700.84 7168.79 120
 14 6509.69 7168.79 120
 14 6293.81 7168.79 120
 14 6073.3 7168.79 120
 14 5867.51 7168.79 120
 14 5673.87 7168.79 120
 14 5504.35 7168.79 120
 14 5359.71 7168.79 120
 14 5230.89 7168.79 120
 14 5124.59 7168.79 120
 14 5046.02 7168.79 120
 0 0 -1000 120
 0 0 0 120
 0 2703.03 2703.03 120
 0 6129.03 6129.03 120
 0 6177.26 6177.26 120
 0 6284.77 6284.77 120
 0 6390.91 6390.91 120
 0 6481.45 6481.45 120
 0 6563.8 6563.8 120
 0 6620.36 6620.36 120
 0 6630.57 6630.57 120
 0 6608.37 6630.57 120
 0 6568.7 6630.57 120
 0 6519.73 6630.57 120
 0 6458.69 6630.57 120
 0 6399.93 6630.57 120
 0 6308.77 6630.57 120
 0 6209.57 6630.57 120
 0 6108.62 6630.57 120
 0 6334.74 6630.57 120
 0 6422.93 6630.57 120
 0 6413.67 6630.57 120
 0 6329.06 6630.57 120
 0 6203.84 6630.57 120
 0 6045.11 6630.57 120
 0 5864.84 6630.57 120
 0 5678.62 6630.57 120
 0 5498.16 6630.57 120
 0 5331.85 6630.57 120
 0 5178.16 6630.57 120
 6 0 -1000 120
 6 0 0 120
 6 2849.39 2849.39 120
 6 6504.85 6504.85 120
 6 6501.64 6504.85 120
 6 6509.16 6509.16 120
 6 6520.7 6520.7 120
 6 6548.37 6548.37 120
 6 6577.81 6577.81 120
 6 6613.25 6613.25 120
 6 6648.55 6648.55 120
 6 6680.28 6680.28 120
 6 6709.76 6709.76 120
 6 6670.02 6709.76 120
 6 6596.35 6709.76 120
 6 6502.88 6709.76 120
 6 6400.41 6709.76 120
 6 6304.16 6709.76 120
 6 6213.73 6709.76 120
 6 6124.46 6709.76 120
 6 6051.34 6709.76 120
 6 5960.77 6709.76 120
 6 5854.71 6709.76 120
 6 6053.65 6709.76 120
 6 6138.64 6709.76 120
 6 6132 6709.76 120
 6 6055.72 6709.76 120
 6 5933.78 6709.76 120
 6 5788.18 6709.76 120
 6 5633.52 6709.76 120
 8 0 -1000 120
 8 386.002 386.002 120
 8 5380.27 5380.27 120
 8 5432.31 5432.31 120
 8 5536.6 5536.6 120
 8 5670.6 5670.6 120
 8 5816.1 5816.1 120
 8 5975.8 5975.8 120
 8 6122.6 6122.6 120
 8 6262.8 6262.8 120
 8 6386.37 6386.37 120
 8 6495.18 6495.18 120
 8 6558.19 6558.19 120
 8 6564.33 6564.33 120
 8 6523.43 6564.33 120
 8 6452.3 6564.33 120
 8 6370.26 6564.33 120
 8 6284.02 6564.33 120
 8 6199.18 6564.33 120
 8 5777.86 6564.33 120
 8 6432.62 6564.33 120
 8 6803.79 6803.79 120
 8 6960.52 6960.52 120
 8 6958.77 6960.52 120
 8 6848.42 6960.52 120
 8 6667.78 6960.52 120
 8 6436 6960.52 120
 8 6199.66 6960.52 120
 8 5965.63 6960.52 120
 8 5742.4 6960.52 120
 14 0 -1000 120
 14 166.613 166.613 120
 14 4976.63 4976.63 120
 14 5030.89 5030.89 120
 14 5126.08 5126.08 120
 14 5244.14 5244.14 120
 14 5380.39 5380.39 120
 14 5518.59 5518.59 120
 14 5651.57 5651.57 120
 14 5778.39 5778.39 120
 14 5896.17 5896.17 120
 14 5968.47 5968.47 120
 14 5970.99 5970.99 120
 14 5929.33 5970.99 120
 14 5867.52 5970.99 120
 14 5788.38 5970.99 120
 14 5712.63 5970.99 120
 14 5629.99 5970.99 120
 14 5562.12 5970.99 120
 14 5497.18 5970.99 120
 14 5426.36 5970.99 120
 14 5331.85 5970.99 120
 14 5224.83 5970.99 120
 14 5120.05 5970.99 120
 14 5026.1 5970.99 120
 14 5480.23 5970.99 120
 14 5736.65 5970.99 120
 14 5844.84 5970.99 120
 14 5841.98 5970.99 120
 14 5768.08 5970.99 120
 15 0 -1000 120
 15 349.414 349.414 120
 15 6194.89 6194.89 120
 15 6231.16 6231.16 120
 15 6293.3 6293.3 120
 15 6374.21 6374.21 120
 15 6436.38 6436.38 120
 15 6469.49 6469.49 120
 15 6487.67 6487.67 120
 15 6504.11 6504.11 120
 15 6511.38 6511.38 120
 15 6488.33 6511.38 120
 15 6443.43 6511.38 120
 15 6389.98 6511.38 120
 15 6325.79 6511.38 120
 15 6255.73 6511.38 120
 15 6182.52 6511.38 120
 15 6093.49 6511.38 120
 15 5999.69 6511.38 120
 15 5912.37 6511.38 120
 15 5812.52 6511.38 120
 15 5703.51 6511.38 120
 15 5594.35 6511.38 120
 15 5485.36 6511.38 120
 15 5390.75 6511.38 120
 15 5290.84 6511.38 120
 15 5201.29 6511.38 120
 15 5115.3 6511.38 120
 15 5317.59 6511.38 120
 15 5424.14 6511.38 120
 6 0 -1000 120
 6 0 0 120
 6 282.237 282.237 120
 6 5820.38 5820.38 120
 6 5883.46 5883.46 120
 6 5985.06 5985.06 120
 6 6112.21 6112.21 120
 6 6254.11 6254.11 120
 6 6405.05 6405.05 120
 6 6544.58 6544.58 120
 6 6690.89 6690.89 120
 6 6802.41 6802.41 120
 6 6896.7 6896.7 120
 6 6978.31 6978.31 120
 6 7044.05 7044.05 120
 6 7103.83 7103.83 120
 6 7082 7103.83 120
 6 7008.39 7103.83 120
 6 6904.69 7103.83 120
 6 6429.34 7103.83 120
 6 7154.94 7154.94 120
 6 7581.01 7581.01 120
 6 7783.34 7783.34 120
 6 7784.4 7784.4 120
 6 7644.41 7784.4 120
 6 7416.54 7784.4 120
 6 7138.6 7784.4 120
 6 6841.35 7784.4 120
 6 6542.47 7784.4 120
 6 6565.37 7784.4 120
 0 0 -1000 120
 0 1571.88 1571.88 120
 0 6894.46 6894.46 120
 0 6890 6894.46 120
 0 6894.23 6894.46 120
 0 6907.78 6907.78 120
 0 6921.7 6921.7 120
 0 6939.82 6939.82 120
 0 6925.45 6939.82 120
 0 6878.18 6939.82 120
 0 6827.77 6939.82 120
 0 6777.35 6939.82 120
 0 6723.06 6939.82 120
 0 6648.74 6939.82 120
 0 6563.96 6939.82 120
 0 6473.01 6939.82 120
 0 6385.72 6939.82 120
 0 6297.87 6939.82 120
 0 6197.18 6939.82 120
 0 6096.53 6939.82 120
 0 5997.29 6939.82 120
 0 5902.1 6939.82 120
 0 5793.94 6939.82 120
 0 5690.79 6939.82 120
 0 5591.14 6939.82 120
 0 5493.78 6939.82 120
 0 5397.91 6939.82 120
 0 5310.96 6939.82 120
 0 5234.82 6939.82 120
 0 5166.41 6939.82 120
 14 0 -1000 120
 14 0 0 120
 14 4272.34 4272.34 120
 14 4396.45 4396.45 120
 14 4618.14 4618.14 120
 14 4888.1 4888.1 120
 14 5184.12 5184.12 120
 14 5478.84 5478.84 120
 14 5755.83 5755.83 120
 14 6016 6016 120
 14 6243.22 6243.22 120
 14 6370.64 6370.64 120
 14 6437.54 6437.54 120
 14 6449.72 6449.72 120
 14 6770.43 6770.43 120
 14 6941.16 6941.16 120
 14 6997.25 6997.25 120
 14 6973.26 6997.25 120
 14 6893.85 6997.25 120
 14 6735.13 6997.25 120
 14 6532.78 6997.25 120
 14 6322.95 6997.25 120
 14 6103.56 6997.25 120
 14 5900.73 6997.25 120
 14 5716.7 6997.25 120
 14 5559.12 6997.25 120
 14 5415.08 6997.25 120
 14 5297.8 6997.25 120
 14 5198.05 6997.25 120
 14 5125.57 6997.25 120
