 6 1804.39 2827.27 30
 6 1751.2 2827.27 30
 6 1754.99 2827.27 30
 6 1744.91 2827.27 30
 6 1724 2827.27 30
 6 1695.27 2827.27 30
 6 1653.92 2827.27 30
 6 1599.59 2827.27 30
 6 1538.96 2827.27 30
 6 1469.05 2827.27 30
 6 1397.62 2827.27 30
 6 1325.35 2827.27 30
 6 1260.66 2827.27 30
 6 1202.64 2827.27 30
 6 1153.5 2827.27 30
 6 1109.71 2827.27 30
 6 1071 2827.27 30
 6 1041.93 2827.27 30
 6 1020.21 2827.27 30
 6 1004.87 2827.27 30
 6 988.514 2827.27 30
 6 979.505 2827.27 30
 6 972.66 2827.27 30
 6 971.964 2827.27 30
 6 970.352 2827.27 30
 6 974.161 2827.27 30
 6 975.751 2827.27 30
 6 978.186 2827.27 30
 6 974.012 2827.27 30
 6 973.778 2827.27 30
 10 1145.91 -1000 30
 10 1404.35 1404.35 30
 10 1517.13 1517.13 30
 10 1508.4 1517.13 30
 10 1503.78 1517.13 30
 10 1493.9 1517.13 30
 10 1486.37 1517.13 30
 10 1443.69 1517.13 30
 10 1382.87 1517.13 30
 10 1310.42 1517.13 30
 10 1236.07 1517.13 30
 10 1163.39 1517.13 30
 10 1090.87 1517.13 30
 10 1013.41 1517.13 30
 10 946.097 1517.13 30
 10 884.551 1517.13 30
 10 830.61 1517.13 30
 10 786.081 1517.13 30
 10 749.815 1517.13 30
 10 722.301 1517.13 30
 10 703.602 1517.13 30
 10 687.919 1517.13 30
 10 677.802 1517.13 30
 10 670.562 1517.13 30
 10 662.933 1517.13 30
 10 662.509 1517.13 30
 10 660.624 1517.13 30
 10 661.945 1517.13 30
 10 662.843 1517.13 30
 10 657.867 1517.13 30
 6 2877.5 -1000 40
 6 2878.17 2878.17 40
 6 2860.88 2878.17 40
 6 2832.99 2878.17 40
 6 2795.79 2878.17 40
 6 2752.48 2878.17 40
 6 2690.02 2878.17 40
 6 2629 2878.17 40
 6 2557.95 2878.17 40
 6 2493.47 2878.17 40
 6 2423.97 2878.17 40
 6 2338.3 2878.17 40
 6 2253.59 2878.17 40
 6 2167.12 2878.17 40
 6 2083.63 2878.17 40
 6 2007.26 2878.17 40
 6 1938.25 2878.17 40
 6 1883.09 2878.17 40
 6 1834.1 2878.17 40
 6 1790.27 2878.17 40
 6 1761.19 2878.17 40
 6 1738.57 2878.17 40
 6 1822.4 2878.17 40
 6 1872.97 2878.17 40
 6 1893.95 2878.17 40
 6 1895.68 2878.17 40
 6 1882.11 2878.17 40
 6 1863.33 2878.17 40
 6 1845.17 2878.17 40
 6 1820.96 2878.17 40
 10 0 -1000 40
 10 0 0 40
 10 0 0 40
 10 1109.9 1109.9 40
 10 1997.89 1997.89 40
 10 2140.28 2140.28 40
 10 2143.93 2143.93 40
 10 2144.92 2144.92 40
 10 2151.95 2151.95 40
 10 2156.69 2156.69 40
 10 2127.86 2156.69 40
 10 2077.26 2156.69 40
 10 2010.51 2156.69 40
 10 1937.83 2156.69 40
 10 1871.11 2156.69 40
 10 1803.74 2156.69 40
 10 1711.98 2156.69 40
 10 1688.8 2156.69 40
 10 1638.32 2156.69 40
 10 1575.54 2156.69 40
 10 1502.99 2156.69 40
 10 1428.71 2156.69 40
 10 1361.09 2156.69 40
 10 1298.68 2156.69 40
 10 1242.84 2156.69 40
 10 1194.89 2156.69 40
 10 1158.04 2156.69 40
 10 1120.22 2156.69 40
 10 1098.34 2156.69 40
 10 1076.09 2156.69 40
 6 3434.69 -1000 50
 6 3436.78 3436.78 50
 6 3442.59 3442.59 50
 6 3457.67 3457.67 50
 6 3470.42 3470.42 50
 6 3451.79 3470.42 50
 6 3408.73 3470.42 50
 6 3349.01 3470.42 50
 6 3283.57 3470.42 50
 6 3217.66 3470.42 50
 6 3158.94 3470.42 50
 6 3081.76 3470.42 50
 6 2996.61 3470.42 50
 6 2901.46 3470.42 50
 6 2812.94 3470.42 50
 6 2729.22 3470.42 50
 6 2649.65 3470.42 50
 6 2574.41 3470.42 50
 6 2508.28 3470.42 50
 6 2466 3470.42 50
 6 2417.14 3470.42 50
 6 2371.58 3470.42 50
 6 2339.5 3470.42 50
 6 2312.9 3470.42 50
 6 2292.34 3470.42 50
 6 2281.35 3470.42 50
 6 2271.32 3470.42 50
 6 2268.64 3470.42 50
 6 2264.2 3470.42 50
 6 2260.14 3470.42 50
 10 2933.56 -1000 50
 10 2928.93 2928.93 50
 10 2922.07 2928.93 50
 10 2886.02 2928.93 50
 10 2845.57 2928.93 50
 10 2794.43 2928.93 50
 10 2726.66 2928.93 50
 10 2644.66 2928.93 50
 10 2562.57 2928.93 50
 10 2492.47 2928.93 50
 10 2420.23 2928.93 50
 10 2327.9 2928.93 50
 10 2231.64 2928.93 50
 10 2142.13 2928.93 50
 10 2056.04 2928.93 50
 10 1979.09 2928.93 50
 10 1904.75 2928.93 50
 10 1841.5 2928.93 50
 10 1782.28 2928.93 50
 10 1740.5 2928.93 50
 10 1704.42 2928.93 50
 10 1672.69 2928.93 50
 10 1651.45 2928.93 50
 10 1635.48 2928.93 50
 10 1625.85 2928.93 50
 10 1615.41 2928.93 50
 10 1608.98 2928.93 50
 10 1607.79 2928.93 50
 10 1608.28 2928.93 50
 10 1611.38 2928.93 50
 6 0 -1000 60
 6 0 0 60
 6 1406.84 1406.84 60
 6 3823.27 3823.27 60
 6 3827.58 3827.58 60
 6 3833.04 3833.04 60
 6 3837.96 3837.96 60
 6 3848.91 3848.91 60
 6 3868.47 3868.47 60
 6 3869.02 3869.02 60
 6 3840.45 3869.02 60
 6 3785.04 3869.02 60
 6 3719.03 3869.02 60
 6 3654.12 3869.02 60
 6 3591.99 3869.02 60
 6 3516.54 3869.02 60
 6 3427.22 3869.02 60
 6 3335.17 3869.02 60
 6 3247.64 3869.02 60
 6 3172.95 3869.02 60
 6 3091.75 3869.02 60
 6 3016.15 3869.02 60
 6 2941.88 3869.02 60
 6 2879.2 3869.02 60
 6 2825.9 3869.02 60
 6 2780.32 3869.02 60
 6 2738.58 3869.02 60
 6 2705.98 3869.02 60
 6 2687.15 3869.02 60
 6 2665.4 3869.02 60
 10 126.942 -1000 60
 10 2621.21 2621.21 60
 10 2998.52 2998.52 60
 10 3010.35 3010.35 60
 10 3026.98 3026.98 60
 10 3050.36 3050.36 60
 10 3062.49 3062.49 60
 10 3050.61 3062.49 60
 10 3013.16 3062.49 60
 10 2966.76 3062.49 60
 10 2912.68 3062.49 60
 10 2857.18 3062.49 60
 10 2784.26 3062.49 60
 10 2702.51 3062.49 60
 10 2625 3062.49 60
 10 2543.61 3062.49 60
 10 2471.33 3062.49 60
 10 2382.18 3062.49 60
 10 2302.04 3062.49 60
 10 2231.72 3062.49 60
 10 2169.49 3062.49 60
 10 2119.24 3062.49 60
 10 2072.23 3062.49 60
 10 2040.57 3062.49 60
 10 2015 3062.49 60
 10 1989.95 3062.49 60
 10 1972.83 3062.49 60
 10 1959.09 3062.49 60
 10 1951.34 3062.49 60
 10 1944.73 3062.49 60
 6 0 -1000 70
 6 1999.88 1999.88 70
 6 4557.42 4557.42 70
 6 4560.44 4560.44 70
 6 4566.52 4566.52 70
 6 4577.33 4577.33 70
 6 4596.5 4596.5 70
 6 4620.43 4620.43 70
 6 4653.06 4653.06 70
 6 4688.95 4688.95 70
 6 4694.04 4694.04 70
 6 4649.25 4694.04 70
 6 4581.96 4694.04 70
 6 4492.69 4694.04 70
 6 4401.31 4694.04 70
 6 4319.45 4694.04 70
 6 4243.68 4694.04 70
 6 4159.72 4694.04 70
 6 4058.91 4694.04 70
 6 3952.09 4694.04 70
 6 3855.1 4694.04 70
 6 3766.1 4694.04 70
 6 3689.42 4694.04 70
 6 3626.5 4694.04 70
 6 3566.67 4694.04 70
 6 3502.44 4694.04 70
 6 3440.66 4694.04 70
 6 3388.09 4694.04 70
 6 3343.35 4694.04 70
 6 3306.2 4694.04 70
 10 3620.6 -1000 70
 10 3608.92 3608.92 70
 10 3569.04 3608.92 70
 10 3516.12 3608.92 70
 10 3462.81 3608.92 70
 10 3407.85 3608.92 70
 10 3338.82 3608.92 70
 10 3255.91 3608.92 70
 10 3169.18 3608.92 70
 10 3083.84 3608.92 70
 10 3010.74 3608.92 70
 10 2931.16 3608.92 70
 10 2846.82 3608.92 70
 10 2757.91 3608.92 70
 10 2667.35 3608.92 70
 10 2592.33 3608.92 70
 10 2528.59 3608.92 70
 10 2490.3 3608.92 70
 10 2452.41 3608.92 70
 10 2414.89 3608.92 70
 10 2386.3 3608.92 70
 10 2365.97 3608.92 70
 10 2343.76 3608.92 70
 10 2331.46 3608.92 70
 10 2325.52 3608.92 70
 10 2323.63 3608.92 70
 10 2317.3 3608.92 70
 10 2312.76 3608.92 70
 10 2309 3608.92 70
 10 2313.02 3608.92 70
 6 4887.57 -1000 80
 6 4909.73 4909.73 80
 6 4934.48 4934.48 80
 6 4967.97 4967.97 80
 6 5011.53 5011.53 80
 6 5054.48 5054.48 80
 6 5061.84 5061.84 80
 6 5046.96 5061.84 80
 6 5007.34 5061.84 80
 6 4958.7 5061.84 80
 6 4904.63 5061.84 80
 6 4853.81 5061.84 80
 6 4807.32 5061.84 80
 6 4730.59 5061.84 80
 6 4642.2 5061.84 80
 6 4539.06 5061.84 80
 6 4447.32 5061.84 80
 6 4365.67 5061.84 80
 6 4285.97 5061.84 80
 6 4202.74 5061.84 80
 6 4122.95 5061.84 80
 6 4048.78 5061.84 80
 6 3971.05 5061.84 80
 6 3896.03 5061.84 80
 6 3828.06 5061.84 80
 6 3757.06 5061.84 80
 6 3689.44 5061.84 80
 6 3639.65 5061.84 80
 6 3590.55 5061.84 80
 6 3552.64 5061.84 80
 10 3820.88 -1000 80
 10 3844.11 3844.11 80
 10 3868.82 3868.82 80
 10 3894.36 3894.36 80
 10 3880.77 3894.36 80
 10 3834.8 3894.36 80
 10 3770.46 3894.36 80
 10 3697.63 3894.36 80
 10 3627.27 3894.36 80
 10 3559.47 3894.36 80
 10 3472.69 3894.36 80
 10 3379.88 3894.36 80
 10 3285.91 3894.36 80
 10 3190.16 3894.36 80
 10 3101.26 3894.36 80
 10 3019.42 3894.36 80
 10 2944.86 3894.36 80
 10 2871.92 3894.36 80
 10 2813.81 3894.36 80
 10 2914.17 3894.36 80
 10 2962.69 3894.36 80
 10 2975.9 3894.36 80
 10 2963.63 3894.36 80
 10 2939.05 3894.36 80
 10 2900.93 3894.36 80
 10 2852.74 3894.36 80
 10 2809.66 3894.36 80
 10 2766.16 3894.36 80
 10 2718.66 3894.36 80
 10 2683.45 3894.36 80
 6 0 -1000 90
 6 4189.79 4189.79 90
 6 5860.31 5860.31 90
 6 5850.24 5860.31 90
 6 5851.45 5860.31 90
 6 5858.01 5860.31 90
 6 5864.09 5864.09 90
 6 5874.04 5874.04 90
 6 5897.09 5897.09 90
 6 5890.08 5897.09 90
 6 5840.33 5897.09 90
 6 5769.2 5897.09 90
 6 5684.65 5897.09 90
 6 5600.67 5897.09 90
 6 5529.92 5897.09 90
 6 5464 5897.09 90
 6 5396.24 5897.09 90
 6 5303.09 5897.09 90
 6 5199.82 5897.09 90
 6 5095.81 5897.09 90
 6 5003.37 5897.09 90
 6 4922.07 5897.09 90
 6 4840.99 5897.09 90
 6 4754.7 5897.09 90
 6 4671.38 5897.09 90
 6 4590.82 5897.09 90
 6 4509.78 5897.09 90
 6 4439.98 5897.09 90
 6 4382.88 5897.09 90
 6 4327.47 5897.09 90
 10 1808.12 -1000 90
 10 4054.53 4054.53 90
 10 4062.9 4062.9 90
 10 4080.64 4080.64 90
 10 4101.31 4101.31 90
 10 4125.73 4125.73 90
 10 4158.24 4158.24 90
 10 4187.92 4187.92 90
 10 4183.06 4187.92 90
 10 4149.54 4187.92 90
 10 4096.45 4187.92 90
 10 4037.97 4187.92 90
 10 3975.34 4187.92 90
 10 3921 4187.92 90
 10 3846.76 4187.92 90
 10 3756.69 4187.92 90
 10 3658.4 4187.92 90
 10 3570.88 4187.92 90
 10 3484.01 4187.92 90
 10 3388.59 4187.92 90
 10 3298.7 4187.92 90
 10 3209.93 4187.92 90
 10 3132.59 4187.92 90
 10 3058.29 4187.92 90
 10 2990.52 4187.92 90
 10 2935.19 4187.92 90
 10 2897.78 4187.92 90
 10 2863.74 4187.92 90
 10 2841.16 4187.92 90
 10 2824.4 4187.92 90
 6 0 -1000 100
 6 4120.02 4120.02 100
 6 5924.17 5924.17 100
 6 5931.48 5931.48 100
 6 5952.87 5952.87 100
 6 5984.6 5984.6 100
 6 6031.85 6031.85 100
 6 6084.93 6084.93 100
 6 6138.24 6138.24 100
 6 6194.32 6194.32 100
 6 6249.9 6249.9 100
 6 6233.81 6249.9 100
 6 6170.96 6249.9 100
 6 6088.77 6249.9 100
 6 5993.87 6249.9 100
 6 5897.9 6249.9 100
 6 5815.24 6249.9 100
 6 5745.83 6249.9 100
 6 5685.36 6249.9 100
 6 5625.36 6249.9 100
 6 5529.61 6249.9 100
 6 5418.83 6249.9 100
 6 5307.86 6249.9 100
 6 5195.62 6249.9 100
 6 5098.23 6249.9 100
 6 5011.29 6249.9 100
 6 4942.33 6249.9 100
 6 4886.94 6249.9 100
 6 4827.83 6249.9 100
 6 4773.37 6249.9 100
 10 4360.85 -1000 100
 10 4366.2 4366.2 100
 10 4379.85 4379.85 100
 10 4396.94 4396.94 100
 10 4424.39 4424.39 100
 10 4453.88 4453.88 100
 10 4488.81 4488.81 100
 10 4486.05 4488.81 100
 10 4438.22 4488.81 100
 10 4367.73 4488.81 100
 10 4279.9 4488.81 100
 10 4192.21 4488.81 100
 10 4113.07 4488.81 100
 10 4041.4 4488.81 100
 10 3981.53 4488.81 100
 10 3900.65 4488.81 100
 10 3803.47 4488.81 100
 10 3694.27 4488.81 100
 10 3586.31 4488.81 100
 10 3496.04 4488.81 100
 10 3416.75 4488.81 100
 10 3350.29 4488.81 100
 10 3293.42 4488.81 100
 10 3244.08 4488.81 100
 10 3207.61 4488.81 100
 10 3174.85 4488.81 100
 10 3152.5 4488.81 100
 10 3138.87 4488.81 100
 10 3128.12 4488.81 100
 10 3118.86 4488.81 100
 6 0 -1000 110
 6 1107.11 1107.11 110
 6 5879.98 5879.98 110
 6 5878.27 5879.98 110
 6 5892.98 5892.98 110
 6 5911.55 5911.55 110
 6 5939.31 5939.31 110
 6 5982.99 5982.99 110
 6 6029.39 6029.39 110
 6 6073.97 6073.97 110
 6 6126.46 6126.46 110
 6 6138.4 6138.4 110
 6 6094.72 6138.4 110
 6 6029.45 6138.4 110
 6 5954.54 6138.4 110
 6 5869.52 6138.4 110
 6 5789.5 6138.4 110
 6 5715.41 6138.4 110
 6 5621.52 6138.4 110
 6 5510.54 6138.4 110
 6 5393.4 6138.4 110
 6 5279.85 6138.4 110
 6 5175.09 6138.4 110
 6 5079.76 6138.4 110
 6 5008.2 6138.4 110
 6 4938.37 6138.4 110
 6 4862.39 6138.4 110
 6 4789.26 6138.4 110
 6 4721.48 6138.4 110
 6 4653.19 6138.4 110
 10 4951.12 -1000 110
 10 4961.08 4961.08 110
 10 4984.69 4984.69 110
 10 5018.26 5018.26 110
 10 5058.46 5058.46 110
 10 5093.81 5093.81 110
 10 5084.8 5093.81 110
 10 5043.39 5093.81 110
 10 4987.9 5093.81 110
 10 4926.05 5093.81 110
 10 4866.14 5093.81 110
 10 4811.71 5093.81 110
 10 4727.52 5093.81 110
 10 4623.35 5093.81 110
 10 4521.91 5093.81 110
 10 4421.61 5093.81 110
 10 4335.6 5093.81 110
 10 4255.49 5093.81 110
 10 4161.42 5093.81 110
 10 4065.97 5093.81 110
 10 3970.75 5093.81 110
 10 3878.35 5093.81 110
 10 3808.84 5093.81 110
 10 3735.69 5093.81 110
 10 3674.84 5093.81 110
 10 3622.28 5093.81 110
 10 3569.84 5093.81 110
 10 3532 5093.81 110
 10 3500.3 5093.81 110
 10 3476.91 5093.81 110
 6 4786.65 -1000 120
 6 4966.72 4966.72 120
 6 5186.98 5186.98 120
 6 5424.91 5424.91 120
 6 5668.55 5668.55 120
 6 5901.37 5901.37 120
 6 6114.71 6114.71 120
 6 6247.48 6247.48 120
 6 6316.87 6316.87 120
 6 6349.02 6349.02 120
 6 6351 6351 120
 6 6335.01 6351 120
 6 6303.17 6351 120
 6 6252.56 6351 120
 6 6166.76 6351 120
 6 6056.92 6351 120
 6 5947.16 6351 120
 6 5838.63 6351 120
 6 5737.93 6351 120
 6 5654.44 6351 120
 6 5556.04 6351 120
 6 5731.92 6351 120
 6 5798.28 6351 120
 6 5786.18 6351 120
 6 5718.56 6351 120
 6 5621.24 6351 120
 6 5503.08 6351 120
 6 5367.41 6351 120
 6 5234.47 6351 120
 6 5105.96 6351 120
 10 4882.82 -1000 120
 10 4910.37 4910.37 120
 10 4940.21 4940.21 120
 10 4974.08 4974.08 120
 10 5014.66 5014.66 120
 10 5056.68 5056.68 120
 10 5097.18 5097.18 120
 10 5088.54 5097.18 120
 10 5031.82 5097.18 120
 10 4946.08 5097.18 120
 10 4846.4 5097.18 120
 10 4747.65 5097.18 120
 10 4659.73 5097.18 120
 10 4577.88 5097.18 120
 10 4506.74 5097.18 120
 10 4451.49 5097.18 120
 10 4376.15 5097.18 120
 10 4281.58 5097.18 120
 10 4183.85 5097.18 120
 10 4088.25 5097.18 120
 10 3996.65 5097.18 120
 10 3920.92 5097.18 120
 10 3855.64 5097.18 120
 10 3796.73 5097.18 120
 10 3745.97 5097.18 120
 10 3700.88 5097.18 120
 10 3668.18 5097.18 120
 10 3642.88 5097.18 120
 10 3621.56 5097.18 120
 10 3601.36 5097.18 120
 6 0 -1000 120
 6 0 0 120
 6 3669.5 3669.5 120
 6 6386.61 6386.61 120
 6 6378.71 6386.61 120
 6 6381.88 6386.61 120
 6 6393.87 6393.87 120
 6 6418.31 6418.31 120
 6 6438.49 6438.49 120
 6 6470.5 6470.5 120
 6 6506.94 6506.94 120
 6 6543.02 6543.02 120
 6 6556.65 6556.65 120
 6 6520.58 6556.65 120
 6 6443.21 6556.65 120
 6 6347.17 6556.65 120
 6 6254.92 6556.65 120
 6 6160.95 6556.65 120
 6 6076.43 6556.65 120
 6 6003.23 6556.65 120
 6 5933.6 6556.65 120
 6 5832.3 6556.65 120
 6 5715 6556.65 120
 6 5588.64 6556.65 120
 6 5465.98 6556.65 120
 6 5362.11 6556.65 120
 6 5268.68 6556.65 120
 6 5189.44 6556.65 120
 6 5125.33 6556.65 120
 6 5068.42 6556.65 120
 10 271.656 -1000 120
 10 715.645 715.645 120
 10 5433.59 5433.59 120
 10 5442.08 5442.08 120
 10 5467.48 5467.48 120
 10 5505.37 5505.37 120
 10 5538.9 5538.9 120
 10 5539.46 5539.46 120
 10 5519.11 5539.46 120
 10 5477.05 5539.46 120
 10 5435.11 5539.46 120
 10 5392.75 5539.46 120
 10 5343.8 5539.46 120
 10 5268.34 5539.46 120
 10 5178.97 5539.46 120
 10 5088.54 5539.46 120
 10 5006.46 5539.46 120
 10 4905.61 5539.46 120
 10 4800.41 5539.46 120
 10 4699.15 5539.46 120
 10 4604.28 5539.46 120
 10 4515.93 5539.46 120
 10 4425.49 5539.46 120
 10 4333.22 5539.46 120
 10 4246.93 5539.46 120
 10 4160.18 5539.46 120
 10 4076.59 5539.46 120
 10 4008.85 5539.46 120
 10 3940.18 5539.46 120
 10 3878.38 5539.46 120
 6 0 -1000 120
 6 0 0 120
 6 3619.37 3619.37 120
 6 6384.9 6384.9 120
 6 6388.12 6388.12 120
 6 6402.6 6402.6 120
 6 6423.95 6423.95 120
 6 6455.89 6455.89 120
 6 6491.77 6491.77 120
 6 6534.14 6534.14 120
 6 6591.24 6591.24 120
 6 6651.5 6651.5 120
 6 6692.4 6692.4 120
 6 6668.05 6692.4 120
 6 6595.15 6692.4 120
 6 6498.15 6692.4 120
 6 6403.69 6692.4 120
 6 6303.27 6692.4 120
 6 6204.03 6692.4 120
 6 6122.26 6692.4 120
 6 6053.76 6692.4 120
 6 5956.83 6692.4 120
 6 5843.92 6692.4 120
 6 5729.4 6692.4 120
 6 5620.74 6692.4 120
 6 5520.27 6692.4 120
 6 5434.27 6692.4 120
 6 5365.82 6692.4 120
 6 5284.47 6692.4 120
 6 5217.5 6692.4 120
