 15 0 -1000 30
 15 0 0 30
 15 189.969 189.969 30
 15 1250.98 1250.98 30
 15 1305.64 1305.64 30
 15 1333.71 1333.71 30
 15 1331.51 1333.71 30
 15 1315.16 1333.71 30
 15 1287.17 1333.71 30
 15 1252.06 1333.71 30
 15 1208.92 1333.71 30
 15 1154.93 1333.71 30
 15 1093.59 1333.71 30
 15 1029.01 1333.71 30
 15 965.196 1333.71 30
 15 908.411 1333.71 30
 15 856.127 1333.71 30
 15 808.893 1333.71 30
 15 766.145 1333.71 30
 15 732.155 1333.71 30
 15 704.501 1333.71 30
 15 683.065 1333.71 30
 15 669.2 1333.71 30
 15 658.141 1333.71 30
 15 648.71 1333.71 30
 15 639.182 1333.71 30
 15 628.847 1333.71 30
 15 623.774 1333.71 30
 15 618.863 1333.71 30
 15 617.421 1333.71 30
 4 0 -1000 30
 4 0 0 30
 4 0 0 30
 4 0 0 30
 4 0 0 30
 4 0 0 30
 4 0 0 30
 4 0 0 30
 4 0 0 30
 4 0 0 30
 4 0 0 30
 4 0 0 30
 4 0 0 30
 4 0 0 30
 4 0 0 30
 4 99.4689 99.4689 30
 4 0 99.4689 30
 4 0 99.4689 30
 4 0 99.4689 30
 4 0 99.4689 30
 4 0 99.4689 30
 4 0 99.4689 30
 4 0 99.4689 30
 4 0 99.4689 30
 4 0 99.4689 30
 4 0 99.4689 30
 4 0 99.4689 30
 4 0 99.4689 30
 4 0 99.4689 30
 4 0 99.4689 30
 1 0 -1000 30
 1 0 0 30
 1 0 0 30
 1 256.605 256.605 30
 1 1345.65 1345.65 30
 1 1313.86 1345.65 30
 1 1354.59 1354.59 30
 1 1349.3 1354.59 30
 1 1340.06 1354.59 30
 1 1317.53 1354.59 30
 1 1342.82 1354.59 30
 1 1335.37 1354.59 30
 1 1298.88 1354.59 30
 1 1235.17 1354.59 30
 1 1159.83 1354.59 30
 1 1072.52 1354.59 30
 1 986.976 1354.59 30
 1 904.484 1354.59 30
 1 831.941 1354.59 30
 1 764.602 1354.59 30
 1 710.53 1354.59 30
 1 668.409 1354.59 30
 1 632.15 1354.59 30
 1 601.917 1354.59 30
 1 576.847 1354.59 30
 1 560.773 1354.59 30
 1 548.926 1354.59 30
 1 540.229 1354.59 30
 1 534.738 1354.59 30
 1 528.425 1354.59 30
 11 0 -1000 30
 11 0 0 30
 11 0 0 30
 11 350.408 350.408 30
 11 1075.15 1075.15 30
 11 1015.81 1075.15 30
 11 1088.98 1088.98 30
 11 1097.01 1097.01 30
 11 1092.73 1097.01 30
 11 1073.04 1097.01 30
 11 1050.71 1097.01 30
 11 1019.82 1097.01 30
 11 975.934 1097.01 30
 11 923.58 1097.01 30
 11 866.872 1097.01 30
 11 810.661 1097.01 30
 11 760.93 1097.01 30
 11 708.517 1097.01 30
 11 664.825 1097.01 30
 11 628.443 1097.01 30
 11 595.892 1097.01 30
 11 631.92 1097.01 30
 11 647.964 1097.01 30
 11 646.434 1097.01 30
 11 639.447 1097.01 30
 11 626.559 1097.01 30
 11 606.703 1097.01 30
 11 586.968 1097.01 30
 11 567.633 1097.01 30
 11 547.295 1097.01 30
 10 1480.17 -1000 30
 10 1476.65 1476.65 30
 10 1460.53 1476.65 30
 10 1424.14 1476.65 30
 10 1380.81 1476.65 30
 10 1333.37 1476.65 30
 10 1271.21 1476.65 30
 10 1198.39 1476.65 30
 10 1123.19 1476.65 30
 10 1049.01 1476.65 30
 10 976.529 1476.65 30
 10 918.028 1476.65 30
 10 865.647 1476.65 30
 10 823.712 1476.65 30
 10 782.671 1476.65 30
 10 751.061 1476.65 30
 10 732.633 1476.65 30
 10 715.246 1476.65 30
 10 699.116 1476.65 30
 10 694.097 1476.65 30
 10 687.94 1476.65 30
 10 681.654 1476.65 30
 10 679.237 1476.65 30
 10 677.294 1476.65 30
 10 673.596 1476.65 30
 10 671.739 1476.65 30
 10 672.251 1476.65 30
 10 670.54 1476.65 30
 10 664.316 1476.65 30
 10 662.171 1476.65 30
 4 0 -1000 30
 4 0 0 30
 4 0 0 30
 4 0 0 30
 4 133.093 133.093 30
 4 0 133.093 30
 4 0 133.093 30
 4 0 133.093 30
 4 0 133.093 30
 4 0 133.093 30
 4 0 133.093 30
 4 109.356 133.093 30
 4 0 133.093 30
 4 0 133.093 30
 4 0 133.093 30
 4 0 133.093 30
 4 0 133.093 30
 4 0 133.093 30
 4 0 133.093 30
 4 0 133.093 30
 4 0 133.093 30
 4 0 133.093 30
 4 0 133.093 30
 4 0 133.093 30
 4 0 133.093 30
 4 0 133.093 30
 4 0 133.093 30
 4 0 133.093 30
 4 0 133.093 30
 4 0 133.093 30
 15 0 -1000 40
 15 0 0 40
 15 563.767 563.767 40
 15 1586.39 1586.39 40
 15 1577.64 1586.39 40
 15 1572.84 1586.39 40
 15 1573.3 1586.39 40
 15 1583.56 1586.39 40
 15 1584.02 1586.39 40
 15 1560.33 1586.39 40
 15 1524.65 1586.39 40
 15 1480.09 1586.39 40
 15 1433.85 1586.39 40
 15 1378.37 1586.39 40
 15 1312.58 1586.39 40
 15 1243.79 1586.39 40
 15 1177.17 1586.39 40
 15 1120.89 1586.39 40
 15 1119.87 1586.39 40
 15 1110.72 1586.39 40
 15 1090.09 1586.39 40
 15 1064.68 1586.39 40
 15 1039 1586.39 40
 15 1011.15 1586.39 40
 15 988.801 1586.39 40
 15 965.517 1586.39 40
 15 944.802 1586.39 40
 15 925.931 1586.39 40
 15 909.763 1586.39 40
 15 895.541 1586.39 40
 11 0 -1000 40
 11 0 0 40
 11 0 0 40
 11 861.37 861.37 40
 11 1868.15 1868.15 40
 11 2082.08 2082.08 40
 11 2090.91 2090.91 40
 11 2100.17 2100.17 40
 11 2109.79 2109.79 40
 11 2124.37 2124.37 40
 11 2143.44 2143.44 40
 11 2146.89 2146.89 40
 11 2118.85 2146.89 40
 11 2067.42 2146.89 40
 11 2198.09 2198.09 40
 11 2251.01 2251.01 40
 11 2243.03 2251.01 40
 11 2194.36 2251.01 40
 11 2120.56 2251.01 40
 11 2037.21 2251.01 40
 11 1951.56 2251.01 40
 11 1867.22 2251.01 40
 11 1787.67 2251.01 40
 11 1716.63 2251.01 40
 11 1657.2 2251.01 40
 11 1607.44 2251.01 40
 11 1566.81 2251.01 40
 11 1533.49 2251.01 40
 11 1505.29 2251.01 40
 11 1488.7 2251.01 40
 1 0 -1000 40
 1 0 0 40
 1 806.614 806.614 40
 1 4466.32 4466.32 40
 1 4343.77 4466.32 40
 1 4149.41 4466.32 40
 1 3917.56 4466.32 40
 1 3644.88 4466.32 40
 1 3359.68 4466.32 40
 1 3083.46 4466.32 40
 1 2831.94 4466.32 40
 1 2604.03 4466.32 40
 1 2407.46 4466.32 40
 1 2210.97 4466.32 40
 1 2044.38 4466.32 40
 1 1900.52 4466.32 40
 1 1768.56 4466.32 40
 1 1655.27 4466.32 40
 1 1555.41 4466.32 40
 1 1480.85 4466.32 40
 1 1419.03 4466.32 40
 1 1371.07 4466.32 40
 1 1334.79 4466.32 40
 1 1311.35 4466.32 40
 1 1294 4466.32 40
 1 1283.18 4466.32 40
 1 1272.2 4466.32 40
 1 1268.26 4466.32 40
 1 1269.8 4466.32 40
 1 1269.49 4466.32 40
 4 0 -1000 40
 4 0 0 40
 4 104.067 104.067 40
 4 1084.85 1084.85 40
 4 1484.51 1484.51 40
 4 1500.73 1500.73 40
 4 1505.08 1505.08 40
 4 1516.98 1516.98 40
 4 1509.16 1516.98 40
 4 1485.84 1516.98 40
 4 1456.56 1516.98 40
 4 1416.7 1516.98 40
 4 1371.23 1516.98 40
 4 1311.64 1516.98 40
 4 1248.81 1516.98 40
 4 1188.19 1516.98 40
 4 1125.28 1516.98 40
 4 1118.78 1516.98 40
 4 1094.84 1516.98 40
 4 1064.28 1516.98 40
 4 1026.66 1516.98 40
 4 992.804 1516.98 40
 4 959.377 1516.98 40
 4 922.884 1516.98 40
 4 893.555 1516.98 40
 4 871.055 1516.98 40
 4 853.464 1516.98 40
 4 835.608 1516.98 40
 4 821.367 1516.98 40
 4 811.796 1516.98 40
 10 0 -1000 40
 10 0 0 40
 10 282.356 282.356 40
 10 2062.17 2062.17 40
 10 2078.66 2078.66 40
 10 2085.32 2085.32 40
 10 2097.96 2097.96 40
 10 2111.3 2111.3 40
 10 2135.11 2135.11 40
 10 2151.88 2151.88 40
 10 2133.8 2151.88 40
 10 2086.13 2151.88 40
 10 2024.85 2151.88 40
 10 1955.89 2151.88 40
 10 1890.83 2151.88 40
 10 1828.56 2151.88 40
 10 1750.88 2151.88 40
 10 1662.54 2151.88 40
 10 1575.22 2151.88 40
 10 1494.12 2151.88 40
 10 1421.21 2151.88 40
 10 1353.09 2151.88 40
 10 1295.09 2151.88 40
 10 1249.86 2151.88 40
 10 1216.79 2151.88 40
 10 1187.75 2151.88 40
 10 1170.94 2151.88 40
 10 1154.33 2151.88 40
 10 1211.18 2151.88 40
 10 1245.49 2151.88 40
 11 0 -1000 40
 11 776.779 776.779 40
 11 1538.87 1538.87 40
 11 1830.81 1830.81 40
 11 1832.29 1832.29 40
 11 1838.74 1838.74 40
 11 1821.63 1838.74 40
 11 1789.57 1838.74 40
 11 1749.79 1838.74 40
 11 1709.71 1838.74 40
 11 1649.67 1838.74 40
 11 1586.54 1838.74 40
 11 1526.96 1838.74 40
 11 1451.77 1838.74 40
 11 1372.16 1838.74 40
 11 1300.71 1838.74 40
 11 1231.53 1838.74 40
 11 1165.79 1838.74 40
 11 1112.54 1838.74 40
 11 1066.34 1838.74 40
 11 1026.96 1838.74 40
 11 995.664 1838.74 40
 11 976.228 1838.74 40
 11 958.401 1838.74 40
 11 943.57 1838.74 40
 11 933.98 1838.74 40
 11 928.216 1838.74 40
 11 926.272 1838.74 40
 11 922.4 1838.74 40
 11 922.567 1838.74 40
 15 0 -1000 50
 15 0 0 50
 15 596.858 596.858 50
 15 2617.36 2617.36 50
 15 2689.38 2689.38 50
 15 2688.68 2689.38 50
 15 2694.85 2694.85 50
 15 2708.88 2708.88 50
 15 2731.31 2731.31 50
 15 2734.82 2734.82 50
 15 2714.98 2734.82 50
 15 2678.77 2734.82 50
 15 2626.45 2734.82 50
 15 2573.93 2734.82 50
 15 2525.17 2734.82 50
 15 2481.79 2734.82 50
 15 2404.77 2734.82 50
 15 2324.81 2734.82 50
 15 2251.47 2734.82 50
 15 2175.43 2734.82 50
 15 2103.45 2734.82 50
 15 2040.26 2734.82 50
 15 1978.77 2734.82 50
 15 1929.22 2734.82 50
 15 1883.67 2734.82 50
 15 1846.46 2734.82 50
 15 1819.37 2734.82 50
 15 1798.78 2734.82 50
 15 1781.23 2734.82 50
 15 1767.43 2734.82 50
 4 99.1057 -1000 50
 4 0 0 50
 4 1404.09 1404.09 50
 4 1652.97 1652.97 50
 4 1809.84 1809.84 50
 4 1806.6 1809.84 50
 4 1794.16 1809.84 50
 4 1766.22 1809.84 50
 4 1879.08 1879.08 50
 4 1912.86 1912.86 50
 4 1890.22 1912.86 50
 4 1826.43 1912.86 50
 4 1725.72 1912.86 50
 4 1607.6 1912.86 50
 4 1483.88 1912.86 50
 4 1363.25 1912.86 50
 4 1246.17 1912.86 50
 4 1145.22 1912.86 50
 4 1052.22 1912.86 50
 4 973.081 1912.86 50
 4 912.269 1912.86 50
 4 865.759 1912.86 50
 4 829.274 1912.86 50
 4 799.527 1912.86 50
 4 778.515 1912.86 50
 4 766.701 1912.86 50
 4 757.637 1912.86 50
 4 751.643 1912.86 50
 4 750.934 1912.86 50
 4 754.519 1912.86 50
 1 0 -1000 50
 1 2090.53 2090.53 50
 1 2276.48 2276.48 50
 1 2285.27 2285.27 50
 1 2304.17 2304.17 50
 1 2332.2 2332.2 50
 1 2352.34 2352.34 50
 1 2342.24 2352.34 50
 1 2312.05 2352.34 50
 1 2277.27 2352.34 50
 1 2237.18 2352.34 50
 1 2191.77 2352.34 50
 1 2128.08 2352.34 50
 1 2054.26 2352.34 50
 1 1981.79 2352.34 50
 1 1912.56 2352.34 50
 1 1841.12 2352.34 50
 1 1764.48 2352.34 50
 1 1695.25 2352.34 50
 1 1634.3 2352.34 50
 1 1581.91 2352.34 50
 1 1542.97 2352.34 50
 1 1507.6 2352.34 50
 1 1477.8 2352.34 50
 1 1456.49 2352.34 50
 1 1440.38 2352.34 50
 1 1431.8 2352.34 50
 1 1421.59 2352.34 50
 1 1412.86 2352.34 50
 1 1413.02 2352.34 50
 11 0 -1000 50
 11 0 0 50
 11 0 0 50
 11 1491.74 1491.74 50
 11 2162.32 2162.32 50
 11 2170.62 2170.62 50
 11 2186.4 2186.4 50
 11 2210.69 2210.69 50
 11 2238.03 2238.03 50
 11 2256.95 2256.95 50
 11 2245.41 2256.95 50
 11 2207.54 2256.95 50
 11 2163.11 2256.95 50
 11 2116.54 2256.95 50
 11 2055.48 2256.95 50
 11 1981.15 2256.95 50
 11 1895.75 2256.95 50
 11 1809.6 2256.95 50
 11 1730.71 2256.95 50
 11 1655.71 2256.95 50
 11 1582.01 2256.95 50
 11 1516.65 2256.95 50
 11 1460.09 2256.95 50
 11 1411.45 2256.95 50
 11 1369.92 2256.95 50
 11 1342.09 2256.95 50
 11 1320.72 2256.95 50
 11 1300.47 2256.95 50
 11 1291.32 2256.95 50
 11 1429.53 2256.95 50
 10 0 -1000 50
 10 0 0 50
 10 2033.79 2033.79 50
 10 2475.05 2475.05 50
 10 2488.76 2488.76 50
 10 2495.77 2495.77 50
 10 2680.29 2680.29 50
 10 2810.03 2810.03 50
 10 2858.76 2858.76 50
 10 2849.85 2858.76 50
 10 2799.79 2858.76 50
 10 2724.97 2858.76 50
 10 2641.08 2858.76 50
 10 2555.88 2858.76 50
 10 2472.47 2858.76 50
 10 2358.37 2858.76 50
 10 2245.86 2858.76 50
 10 2135.03 2858.76 50
 10 2025.44 2858.76 50
 10 1925.11 2858.76 50
 10 1829.61 2858.76 50
 10 1748.17 2858.76 50
 10 1678.73 2858.76 50
 10 1623 2858.76 50
 10 1580.15 2858.76 50
 10 1545.94 2858.76 50
 10 1607.5 2858.76 50
 10 1639.15 2858.76 50
 10 1656.58 2858.76 50
 10 1656.64 2858.76 50
 4 0 -1000 50
 4 0 0 50
 4 700.717 700.717 50
 4 2282.79 2282.79 50
 4 2590.72 2590.72 50
 4 2591.08 2591.08 50
 4 2590.01 2591.08 50
 4 2580.94 2591.08 50
 4 2550.13 2591.08 50
 4 2503.17 2591.08 50
 4 2473.05 2591.08 50
 4 2406.79 2591.08 50
 4 2328.67 2591.08 50
 4 2243.22 2591.08 50
 4 2158.92 2591.08 50
 4 2078.6 2591.08 50
 4 1983.1 2591.08 50
 4 1895.23 2591.08 50
 4 1802.31 2591.08 50
 4 1718.85 2591.08 50
 4 1641.38 2591.08 50
 4 1574.73 2591.08 50
 4 1514.63 2591.08 50
 4 1463.65 2591.08 50
 4 1425.31 2591.08 50
 4 1475.19 2591.08 50
 4 1576.83 2591.08 50
 4 1635.34 2591.08 50
 4 1656.65 2591.08 50
 4 1652.61 2591.08 50
 15 0 -1000 60
 15 0 0 60
 15 120.612 120.612 60
 15 2554.64 2554.64 60
 15 3100.18 3100.18 60
 15 3107.41 3107.41 60
 15 3121.18 3121.18 60
 15 3142.75 3142.75 60
 15 3365.6 3365.6 60
 15 3672.86 3672.86 60
 15 3827.99 3827.99 60
 15 3863.83 3863.83 60
 15 3822.49 3863.83 60
 15 3729.81 3863.83 60
 15 3608.92 3863.83 60
 15 3448.96 3863.83 60
 15 3271.86 3863.83 60
 15 3094.71 3863.83 60
 15 2929.04 3863.83 60
 15 2782.17 3863.83 60
 15 2650.23 3863.83 60
 15 2540.36 3863.83 60
 15 2714.79 3863.83 60
 15 2807.27 3863.83 60
 15 2836.05 3863.83 60
 15 2817.7 3863.83 60
 15 2773.37 3863.83 60
 15 2708.17 3863.83 60
 15 2633.93 3863.83 60
 15 2559.72 3863.83 60
 11 0 -1000 60
 11 0 0 60
 11 0 0 60
 11 212.911 212.911 60
 11 1675.99 1675.99 60
 11 2137.08 2137.08 60
 11 2133.78 2137.08 60
 11 2135.7 2137.08 60
 11 2140.74 2140.74 60
 11 2151.33 2151.33 60
 11 2152.07 2152.07 60
 11 2123.66 2152.07 60
 11 2081.92 2152.07 60
 11 2033.99 2152.07 60
 11 1983.99 2152.07 60
 11 1921.49 2152.07 60
 11 1857.63 2152.07 60
 11 1796.63 2152.07 60
 11 1741.72 2152.07 60
 11 1689.44 2152.07 60
 11 1646.16 2152.07 60
 11 1611.57 2152.07 60
 11 1582.88 2152.07 60
 11 1554.07 2152.07 60
 11 1536.6 2152.07 60
 11 1524.78 2152.07 60
 11 1512.99 2152.07 60
 11 1501.16 2152.07 60
 11 1493.41 2152.07 60
 11 1489.87 2152.07 60
 1 0 -1000 60
 1 2248.34 2248.34 60
 1 3345.39 3345.39 60
 1 3355.73 3355.73 60
 1 3372.75 3372.75 60
 1 3394.35 3394.35 60
 1 3393 3394.35 60
 1 3374.2 3394.35 60
 1 3344.26 3394.35 60
 1 3314.46 3394.35 60
 1 3282.9 3394.35 60
 1 3555.63 3555.63 60
 1 3852.92 3852.92 60
 1 3974.88 3974.88 60
 1 3958.13 3974.88 60
 1 3854.76 3974.88 60
 1 3694.47 3974.88 60
 1 3504.81 3974.88 60
 1 3300.62 3974.88 60
 1 3100.26 3974.88 60
 1 2913.17 3974.88 60
 1 2744.97 3974.88 60
 1 2603.31 3974.88 60
 1 2494.08 3974.88 60
 1 2409.56 3974.88 60
 1 2333.22 3974.88 60
 1 2405.31 3974.88 60
 1 2447.55 3974.88 60
 1 2458.91 3974.88 60
 1 2457.56 3974.88 60
 4 0 -1000 60
 4 0 0 60
 4 566.456 566.456 60
 4 3063.3 3063.3 60
 4 3339.62 3339.62 60
 4 3339.23 3339.62 60
 4 3342.4 3342.4 60
 4 3352.95 3352.95 60
 4 3363.1 3363.1 60
 4 3347.84 3363.1 60
 4 3306.2 3363.1 60
 4 3252.16 3363.1 60
 4 3193.24 3363.1 60
 4 3133.47 3363.1 60
 4 3079.19 3363.1 60
 4 3006.23 3363.1 60
 4 2925.41 3363.1 60
 4 2838.55 3363.1 60
 4 2756.93 3363.1 60
 4 2686.05 3363.1 60
 4 2606.48 3363.1 60
 4 2528.39 3363.1 60
 4 2478.48 3363.1 60
 4 2415.06 3363.1 60
 4 2358.9 3363.1 60
 4 2312.4 3363.1 60
 4 2273.52 3363.1 60
 4 2247.21 3363.1 60
 4 2223.33 3363.1 60
 4 2204.36 3363.1 60
 10 0 -1000 60
 10 0 0 60
 10 1052.61 1052.61 60
 10 3147.49 3147.49 60
 10 3159.02 3159.02 60
 10 3185.58 3185.58 60
 10 3223.21 3223.21 60
 10 3245.03 3245.03 60
 10 3243 3245.03 60
 10 3221.39 3245.03 60
 10 3193.89 3245.03 60
 10 3162.7 3245.03 60
 10 3108.42 3245.03 60
 10 3040.04 3245.03 60
 10 2962.3 3245.03 60
 10 2882.97 3245.03 60
 10 2928.49 3245.03 60
 10 2912.22 3245.03 60
 10 2858.22 3245.03 60
 10 2779.65 3245.03 60
 10 2681.49 3245.03 60
 10 2573.15 3245.03 60
 10 2488.46 3245.03 60
 10 2388.87 3245.03 60
 10 2295.52 3245.03 60
 10 2215.66 3245.03 60
 10 2143.12 3245.03 60
 10 2089.25 3245.03 60
 10 2044.85 3245.03 60
 10 2009.21 3245.03 60
 11 0 -1000 60
 11 0 0 60
 11 1124.21 1124.21 60
 11 3045.6 3045.6 60
 11 3053.34 3053.34 60
 11 3070.77 3070.77 60
 11 3093.74 3093.74 60
 11 3119.83 3119.83 60
 11 3142.18 3142.18 60
 11 3144.9 3144.9 60
 11 3127.11 3144.9 60
 11 3098.14 3144.9 60
 11 3061.8 3144.9 60
 11 3004.95 3144.9 60
 11 2939.8 3144.9 60
 11 2873.92 3144.9 60
 11 2798.4 3144.9 60
 11 2723.15 3144.9 60
 11 2649.12 3144.9 60
 11 2578.55 3144.9 60
 11 2514.29 3144.9 60
 11 2479.6 3144.9 60
 11 2429.16 3144.9 60
 11 2390.89 3144.9 60
 11 2356.79 3144.9 60
 11 2331.42 3144.9 60
 11 2312.4 3144.9 60
 11 2299.63 3144.9 60
 11 2285.8 3144.9 60
 11 2279.58 3144.9 60
 15 0 -1000 70
 15 0 0 70
 15 0 0 70
 15 1073.98 1073.98 70
 15 2432.44 2432.44 70
 15 2613.5 2613.5 70
 15 2614.75 2614.75 70
 15 2625.62 2625.62 70
 15 2642.28 2642.28 70
 15 2667.81 2667.81 70
 15 2693.51 2693.51 70
 15 2722.11 2722.11 70
 15 2749.62 2749.62 70
 15 2765.67 2765.67 70
 15 2735.51 2765.67 70
 15 2677.8 2765.67 70
 15 2728.19 2765.67 70
 15 2727.14 2765.67 70
 15 2699.01 2765.67 70
 15 2647.94 2765.67 70
 15 2572.7 2765.67 70
 15 2492.88 2765.67 70
 15 2427.29 2765.67 70
 15 2467.21 2765.67 70
 15 2468.55 2765.67 70
 15 2446.64 2765.67 70
 15 2402.18 2765.67 70
 15 2349.25 2765.67 70
 15 2297.12 2765.67 70
 15 2246.18 2765.67 70
 4 120.153 -1000 70
 4 221.517 221.517 70
 4 2574.76 2574.76 70
 4 3465.1 3465.1 70
 4 3469.77 3469.77 70
 4 3479.47 3479.47 70
 4 3491.88 3491.88 70
 4 3506.63 3506.63 70
 4 3526.16 3526.16 70
 4 3549.23 3549.23 70
 4 3576.29 3576.29 70
 4 3571.85 3576.29 70
 4 3530.25 3576.29 70
 4 3463.08 3576.29 70
 4 3381.87 3576.29 70
 4 3304.19 3576.29 70
 4 3402.72 3576.29 70
 4 3418.89 3576.29 70
 4 3374 3576.29 70
 4 3292.24 3576.29 70
 4 3194.84 3576.29 70
 4 3091.55 3576.29 70
 4 2985.69 3576.29 70
 4 2877.66 3576.29 70
 4 2783.82 3576.29 70
 4 2703.12 3576.29 70
 4 2637.44 3576.29 70
 4 2579.22 3576.29 70
 4 2528.66 3576.29 70
 4 2496.39 3576.29 70
 1 0 -1000 70
 1 0 0 70
 1 2421.13 2421.13 70
 1 3233.54 3233.54 70
 1 3238.23 3238.23 70
 1 3255.69 3255.69 70
 1 3283.29 3283.29 70
 1 3318.06 3318.06 70
 1 3348.74 3348.74 70
 1 3338.92 3348.74 70
 1 3308.21 3348.74 70
 1 3271.87 3348.74 70
 1 3233.15 3348.74 70
 1 3186.74 3348.74 70
 1 3126.38 3348.74 70
 1 3055.4 3348.74 70
 1 2969.47 3348.74 70
 1 3042.64 3348.74 70
 1 3055.29 3348.74 70
 1 3016.69 3348.74 70
 1 2948.64 3348.74 70
 1 2866.62 3348.74 70
 1 2776.69 3348.74 70
 1 2817.57 3348.74 70
 1 2943.72 3348.74 70
 1 2993.02 3348.74 70
 1 2980.26 3348.74 70
 1 2929.18 3348.74 70
 1 2852.95 3348.74 70
 1 2766.97 3348.74 70
 11 0 -1000 70
 11 0 0 70
 11 529.107 529.107 70
 11 2327.6 2327.6 70
 11 2639.63 2639.63 70
 11 2637.78 2639.63 70
 11 2642.86 2642.86 70
 11 2653.09 2653.09 70
 11 2669.36 2669.36 70
 11 2688 2688 70
 11 2682.47 2688 70
 11 2637.37 2688 70
 11 2575.45 2688 70
 11 2507.67 2688 70
 11 2459.65 2688 70
 11 2397.17 2688 70
 11 2340.99 2688 70
 11 2287.56 2688 70
 11 2230.33 2688 70
 11 2174.7 2688 70
 11 2126.04 2688 70
 11 2085.89 2688 70
 11 2051.38 2688 70
 11 2022.01 2688 70
 11 2000.17 2688 70
 11 1981.45 2688 70
 11 1966.77 2688 70
 11 1957.58 2688 70
 11 1949.11 2688 70
 11 1943.13 2688 70
 10 0 -1000 70
 10 0 0 70
 10 377.619 377.619 70
 10 3325.49 3325.49 70
 10 3777.04 3777.04 70
 10 4006.24 4006.24 70
 10 4131.65 4131.65 70
 10 4175.66 4175.66 70
 10 4161.32 4175.66 70
 10 4109.43 4175.66 70
 10 4022.92 4175.66 70
 10 3910.67 4175.66 70
 10 3780.15 4175.66 70
 10 3812.92 4175.66 70
 10 3778.53 4175.66 70
 10 3697.75 4175.66 70
 10 3576.74 4175.66 70
 10 3438.1 4175.66 70
 10 3295.26 4175.66 70
 10 3140.82 4175.66 70
 10 2996.74 4175.66 70
 10 2865.83 4175.66 70
 10 2745.17 4175.66 70
 10 2641.33 4175.66 70
 10 2554.91 4175.66 70
 10 2495.4 4175.66 70
 10 2454.87 4175.66 70
 10 2413.23 4175.66 70
 10 2382.43 4175.66 70
 10 2363.25 4175.66 70
 4 138.953 -1000 70
 4 0 0 70
 4 135.218 135.218 70
 4 0 135.218 70
 4 883.206 883.206 70
 4 3621.87 3621.87 70
 4 3624.2 3624.2 70
 4 3631.21 3631.21 70
 4 3646.2 3646.2 70
 4 3669.17 3669.17 70
 4 3696.74 3696.74 70
 4 3728.87 3728.87 70
 4 3763.44 3763.44 70
 4 3800.74 3800.74 70
 4 3832.11 3832.11 70
 4 3809.13 3832.11 70
 4 3750.19 3832.11 70
 4 3665.29 3832.11 70
 4 3576.34 3832.11 70
 4 3486.01 3832.11 70
 4 3401.94 3832.11 70
 4 3332.33 3832.11 70
 4 3269.52 3832.11 70
 4 3193.48 3832.11 70
 4 3112.18 3832.11 70
 4 3030.11 3832.11 70
 4 2952.49 3832.11 70
 4 2885.08 3832.11 70
 4 2828.31 3832.11 70
 4 2787.69 3832.11 70
 15 2807.67 -1000 80
 15 4810.72 4810.72 80
 15 4816.91 4816.91 80
 15 4827.39 4827.39 80
 15 4847.68 4847.68 80
 15 4871.11 4871.11 80
 15 4904.42 4904.42 80
 15 4940.14 4940.14 80
 15 4979.99 4979.99 80
 15 5019.17 5019.17 80
 15 5058.39 5058.39 80
 15 5097.37 5097.37 80
 15 5076.01 5097.37 80
 15 5005.33 5097.37 80
 15 4905.61 5097.37 80
 15 4796.64 5097.37 80
 15 4684.83 5097.37 80
 15 4580.98 5097.37 80
 15 4488.7 5097.37 80
 15 4408.19 5097.37 80
 15 4340.88 5097.37 80
 15 4285.69 5097.37 80
 15 4228.7 5097.37 80
 15 4154.89 5097.37 80
 15 4078.17 5097.37 80
 15 4000.81 5097.37 80
 15 3929.86 5097.37 80
 15 3864.75 5097.37 80
 15 3808.36 5097.37 80
 15 3764.33 5097.37 80
 11 0 -1000 80
 11 882.357 882.357 80
 11 3786.03 3786.03 80
 11 3789.78 3789.78 80
 11 3795.19 3795.19 80
 11 3808.92 3808.92 80
 11 3827.34 3827.34 80
 11 3849.21 3849.21 80
 11 3875.68 3875.68 80
 11 3882.24 3882.24 80
 11 3843.27 3882.24 80
 11 3778.46 3882.24 80
 11 3701.87 3882.24 80
 11 3627.04 3882.24 80
 11 3553.8 3882.24 80
 11 3490.14 3882.24 80
 11 3403.86 3882.24 80
 11 3306.42 3882.24 80
 11 3208.78 3882.24 80
 11 3117.88 3882.24 80
 11 3041.32 3882.24 80
 11 2976.22 3882.24 80
 11 2922.57 3882.24 80
 11 2872.61 3882.24 80
 11 2833.65 3882.24 80
 11 2802.86 3882.24 80
 11 2782.29 3882.24 80
 11 2771.88 3882.24 80
 11 2760.8 3882.24 80
 11 2752.96 3882.24 80
 1 0 -1000 80
 1 0 0 80
 1 502.823 502.823 80
 1 3630.23 3630.23 80
 1 3668.08 3668.08 80
 1 3721.01 3721.01 80
 1 3789.25 3789.25 80
 1 3867.73 3867.73 80
 1 3951.8 3951.8 80
 1 4038.99 4038.99 80
 1 4098.17 4098.17 80
 1 4102.89 4102.89 80
 1 4078.54 4102.89 80
 1 4043.16 4102.89 80
 1 3997.5 4102.89 80
 1 3949.16 4102.89 80
 1 4064.55 4102.89 80
 1 4090.88 4102.89 80
 1 4057.35 4102.89 80
 1 3984.97 4102.89 80
 1 3890.22 4102.89 80
 1 3761.92 4102.89 80
 1 3621.71 4102.89 80
 1 3480.46 4102.89 80
 1 3345.7 4102.89 80
 1 3225.46 4102.89 80
 1 3119.76 4102.89 80
 1 3032.59 4102.89 80
 1 2955.93 4102.89 80
 1 2898.16 4102.89 80
 4 0 -1000 80
 4 0 0 80
 4 2340.25 2340.25 80
 4 3996.32 3996.32 80
 4 4000.93 4000.93 80
 4 4008.28 4008.28 80
 4 4522.18 4522.18 80
 4 4862.17 4862.17 80
 4 5060.26 5060.26 80
 4 5122.74 5122.74 80
 4 5063.07 5122.74 80
 4 4925.93 5122.74 80
 4 4744.33 5122.74 80
 4 4551.04 5122.74 80
 4 4354.06 5122.74 80
 4 4175.2 5122.74 80
 4 4007.03 5122.74 80
 4 3828.42 5122.74 80
 4 3661.8 5122.74 80
 4 3509.06 5122.74 80
 4 3376.19 5122.74 80
 4 3268.99 5122.74 80
 4 3178.77 5122.74 80
 4 3096.71 5122.74 80
 4 3026.62 5122.74 80
 4 2966.01 5122.74 80
 4 2921.45 5122.74 80
 4 3058.89 5122.74 80
 4 3138.7 5122.74 80
 4 3175.37 5122.74 80
 10 0 -1000 80
 10 0 0 80
 10 0 0 80
 10 1996.08 1996.08 80
 10 3558.32 3558.32 80
 10 3564.38 3564.38 80
 10 3578.12 3578.12 80
 10 3599.45 3599.45 80
 10 3632.76 3632.76 80
 10 3667.48 3667.48 80
 10 3704.64 3704.64 80
 10 3744.25 3744.25 80
 10 3740.87 3744.25 80
 10 3697.7 3744.25 80
 10 3635.38 3744.25 80
 10 3567.41 3744.25 80
 10 3497.25 3744.25 80
 10 3435 3744.25 80
 10 3378.18 3744.25 80
 10 3302.41 3744.25 80
 10 3209.9 3744.25 80
 10 3116.7 3744.25 80
 10 3024.33 3744.25 80
 10 3256.82 3744.25 80
 10 3376.81 3744.25 80
 10 3412.89 3744.25 80
 10 3389.55 3744.25 80
 10 3326.97 3744.25 80
 10 3240.92 3744.25 80
 10 3146.95 3744.25 80
 11 0 -1000 80
 11 1186.41 1186.41 80
 11 3763.53 3763.53 80
 11 3773.59 3773.59 80
 11 3794.45 3794.45 80
 11 3819.32 3819.32 80
 11 3846.75 3846.75 80
 11 3879.04 3879.04 80
 11 3916.49 3916.49 80
 11 3925.34 3925.34 80
 11 3892.14 3925.34 80
 11 3831.64 3925.34 80
 11 3764.57 3925.34 80
 11 3690.61 3925.34 80
 11 3623.05 3925.34 80
 11 3570.38 3925.34 80
 11 3504 3925.34 80
 11 3418.78 3925.34 80
 11 3673.52 3925.34 80
 11 3801.83 3925.34 80
 11 3840.22 3925.34 80
 11 3807.62 3925.34 80
 11 3732.45 3925.34 80
 11 3629.68 3925.34 80
 11 3517.88 3925.34 80
 11 3404.86 3925.34 80
 11 3297.04 3925.34 80
 11 3199.06 3925.34 80
 11 3112.57 3925.34 80
 11 3040.05 3925.34 80
 15 0 -1000 90
 15 0 0 90
 15 1551.4 1551.4 90
 15 4940.68 4940.68 90
 15 4953.84 4953.84 90
 15 4981.94 4981.94 90
 15 5021.38 5021.38 90
 15 5074.12 5074.12 90
 15 4812.2 5074.12 90
 15 5646.85 5646.85 90
 15 6208.78 6208.78 90
 15 6489.56 6489.56 90
 15 6561.11 6561.11 90
 15 6490.28 6561.11 90
 15 6326.78 6561.11 90
 15 6110.82 6561.11 90
 15 5874.3 6561.11 90
 15 5639.21 6561.11 90
 15 5418.63 6561.11 90
 15 5219.65 6561.11 90
 15 5049.37 6561.11 90
 15 4901.11 6561.11 90
 15 4746.16 6561.11 90
 15 4599.44 6561.11 90
 15 4468.17 6561.11 90
 15 4351.79 6561.11 90
 15 4254.8 6561.11 90
 15 4177.68 6561.11 90
 15 4117.14 6561.11 90
 15 4068.1 6561.11 90
 4 0 -1000 90
 4 0 0 90
 4 0 0 90
 4 184.627 184.627 90
 4 3954.26 3954.26 90
 4 3994.71 3994.71 90
 4 4341.93 4341.93 90
 4 4604.58 4604.58 90
 4 4804.15 4804.15 90
 4 4944.68 4944.68 90
 4 5045.01 5045.01 90
 4 5415 5415 90
 4 5648.31 5648.31 90
 4 5774.55 5774.55 90
 4 5809.52 5809.52 90
 4 6174.47 6174.47 90
 4 6292.49 6292.49 90
 4 6238.44 6292.49 90
 4 6070.17 6292.49 90
 4 5833.22 6292.49 90
 4 5568.67 6292.49 90
 4 5297.12 6292.49 90
 4 5040.58 6292.49 90
 4 4783.62 6292.49 90
 4 4536.78 6292.49 90
 4 4320.88 6292.49 90
 4 4129.56 6292.49 90
 4 3970.39 6292.49 90
 4 3841.84 6292.49 90
 4 3741.35 6292.49 90
 1 0 -1000 90
 1 0 0 90
 1 323.843 323.843 90
 1 3772.39 3772.39 90
 1 3812.51 3812.51 90
 1 3881.68 3881.68 90
 1 3977.08 3977.08 90
 1 4086.01 4086.01 90
 1 4198.93 4198.93 90
 1 4310.48 4310.48 90
 1 4422.28 4422.28 90
 1 4520.95 4520.95 90
 1 4612.61 4612.61 90
 1 4698.43 4698.43 90
 1 4757.94 4757.94 90
 1 4738.76 4757.94 90
 1 4672.23 4757.94 90
 1 4578.06 4757.94 90
 1 4473.2 4757.94 90
 1 4370.62 4757.94 90
 1 4506.23 4757.94 90
 1 4564.11 4757.94 90
 1 4569.59 4757.94 90
 1 4517.25 4757.94 90
 1 4417.42 4757.94 90
 1 4284.87 4757.94 90
 1 4547.28 4757.94 90
 1 4663.29 4757.94 90
 1 4666.42 4757.94 90
 1 4597.32 4757.94 90
 11 0 -1000 90
 11 0 0 90
 11 529.975 529.975 90
 11 3903.85 3903.85 90
 11 3913.44 3913.44 90
 11 3927.26 3927.26 90
 11 3952.64 3952.64 90
 11 3984.66 3984.66 90
 11 4028.05 4028.05 90
 11 4074.13 4074.13 90
 11 4123.93 4123.93 90
 11 4178.43 4178.43 90
 11 4220.55 4220.55 90
 11 4389.66 4389.66 90
 11 4444.38 4444.38 90
 11 4421.26 4444.38 90
 11 4351.55 4444.38 90
 11 4251.98 4444.38 90
 11 4140.04 4444.38 90
 11 4028.43 4444.38 90
 11 3918.93 4444.38 90
 11 3796.31 4444.38 90
 11 3668.41 4444.38 90
 11 3546.06 4444.38 90
 11 3621.95 4444.38 90
 11 3645.41 4444.38 90
 11 3630.68 4444.38 90
 11 3589.4 4444.38 90
 11 3532.02 4444.38 90
 11 3463.08 4444.38 90
 10 1644.3 -1000 90
 10 4177.27 4177.27 90
 10 4183.57 4183.57 90
 10 4472.45 4472.45 90
 10 4680 4680 90
 10 4814.71 4814.71 90
 10 4871.15 4871.15 90
 10 4853.52 4871.15 90
 10 4784.58 4871.15 90
 10 4685.22 4871.15 90
 10 5004.47 5004.47 90
 10 5135.44 5135.44 90
 10 5130.79 5135.44 90
 10 5032.29 5135.44 90
 10 4871.23 5135.44 90
 10 4663.91 5135.44 90
 10 4435.92 5135.44 90
 10 4209.76 5135.44 90
 10 3988.45 5135.44 90
 10 3779.96 5135.44 90
 10 3593.35 5135.44 90
 10 3430.54 5135.44 90
 10 3298.15 5135.44 90
 10 3188.57 5135.44 90
 10 3098.86 5135.44 90
 10 3031.26 5135.44 90
 10 2979.21 5135.44 90
 10 2945.23 5135.44 90
 10 2923.4 5135.44 90
 10 2908.2 5135.44 90
 4 0 -1000 90
 4 116.846 116.846 90
 4 3439.58 3439.58 90
 4 4377.41 4377.41 90
 4 4383.36 4383.36 90
 4 4397.97 4397.97 90
 4 4416.88 4416.88 90
 4 4440.9 4440.9 90
 4 4469.39 4469.39 90
 4 4509.43 4509.43 90
 4 4554.1 4554.1 90
 4 4597.36 4597.36 90
 4 4586.8 4597.36 90
 4 4525.46 4597.36 90
 4 4656.05 4656.05 90
 4 4694.09 4694.09 90
 4 4669.24 4694.09 90
 4 4605.17 4694.09 90
 4 4517.03 4694.09 90
 4 4396.57 4694.09 90
 4 4428.59 4694.09 90
 4 4379.04 4694.09 90
 4 4276.12 4694.09 90
 4 4147.8 4694.09 90
 4 4008.78 4694.09 90
 4 3865.8 4694.09 90
 4 3729.8 4694.09 90
 4 3603.28 4694.09 90
 4 3491.27 4694.09 90
 4 3400.21 4694.09 90
 15 5169.4 -1000 100
 15 5181.96 5181.96 100
 15 5209.39 5209.39 100
 15 5256.05 5256.05 100
 15 5312.28 5312.28 100
 15 5372.13 5372.13 100
 15 5432.3 5432.3 100
 15 5503.64 5503.64 100
 15 5911.42 5911.42 100
 15 6142.17 6142.17 100
 15 6225.39 6225.39 100
 15 6204.86 6225.39 100
 15 6117.18 6225.39 100
 15 5987.48 6225.39 100
 15 5839.25 6225.39 100
 15 5690.37 6225.39 100
 15 5549.67 6225.39 100
 15 5393.48 6225.39 100
 15 5229.24 6225.39 100
 15 5069.92 6225.39 100
 15 4924.01 6225.39 100
 15 4795.88 6225.39 100
 15 4691.24 6225.39 100
 15 4605.23 6225.39 100
 15 4524.63 6225.39 100
 15 4462.31 6225.39 100
 15 4409.22 6225.39 100
 15 4618.84 6225.39 100
 15 4739.06 6225.39 100
 15 4796.44 6225.39 100
 11 0 -1000 100
 11 108.348 108.348 100
 11 899.741 899.741 100
 11 4212.73 4212.73 100
 11 4225.5 4225.5 100
 11 4243.4 4243.4 100
 11 4273.34 4273.34 100
 11 4313.27 4313.27 100
 11 4358.03 4358.03 100
 11 4411.11 4411.11 100
 11 4466.27 4466.27 100
 11 4523.95 4523.95 100
 11 4579.84 4579.84 100
 11 4614.81 4614.81 100
 11 4577.13 4614.81 100
 11 4497.45 4614.81 100
 11 4387.68 4614.81 100
 11 4275.65 4614.81 100
 11 4163.65 4614.81 100
 11 4066.12 4614.81 100
 11 3980.88 4614.81 100
 11 3910.23 4614.81 100
 11 3853.63 4614.81 100
 11 3780.53 4614.81 100
 11 3701.83 4614.81 100
 11 3623.9 4614.81 100
 11 3556.41 4614.81 100
 11 3694.81 4614.81 100
 11 3961.84 4614.81 100
 11 4103.02 4614.81 100
 1 5147.17 -1000 100
 1 5159.48 5159.48 100
 1 5185.16 5185.16 100
 1 5222.13 5222.13 100
 1 5265.07 5265.07 100
 1 5308.93 5308.93 100
 1 5027.25 5308.93 100
 1 5740.65 5740.65 100
 1 6173.85 6173.85 100
 1 6393.99 6393.99 100
 1 6460.38 6460.38 100
 1 6380.36 6460.38 100
 1 6212.35 6460.38 100
 1 5994.66 6460.38 100
 1 5761 6460.38 100
 1 5520.89 6460.38 100
 1 5270.32 6460.38 100
 1 5027.85 6460.38 100
 1 4807.23 6460.38 100
 1 4618.85 6460.38 100
 1 4449.82 6460.38 100
 1 4299.71 6460.38 100
 1 4171.69 6460.38 100
 1 4070.33 6460.38 100
 1 3988.22 6460.38 100
 1 3922.7 6460.38 100
 1 3873.67 6460.38 100
 1 3841.62 6460.38 100
 1 3812.88 6460.38 100
 1 3796.67 6460.38 100
 4 113.232 -1000 100
 4 0 0 100
 4 484.995 484.995 100
 4 4682.07 4682.07 100
 4 4700.99 4700.99 100
 4 4729.25 4729.25 100
 4 4769.26 4769.26 100
 4 4822.33 4822.33 100
 4 4879.88 4879.88 100
 4 4945.39 4945.39 100
 4 5015.08 5015.08 100
 4 5087.83 5087.83 100
 4 5162.48 5162.48 100
 4 5227.21 5227.21 100
 4 5821.35 5821.35 100
 4 6138.77 6138.77 100
 4 6249.99 6249.99 100
 4 6216.06 6249.99 100
 4 6087.3 6249.99 100
 4 5902.64 6249.99 100
 4 5692.93 6249.99 100
 4 5479.74 6249.99 100
 4 5250.44 6249.99 100
 4 5010.49 6249.99 100
 4 4772.8 6249.99 100
 4 4558.28 6249.99 100
 4 4369.63 6249.99 100
 4 4209.56 6249.99 100
 4 4082.18 6249.99 100
 4 3981.87 6249.99 100
 10 0 -1000 100
 10 0 0 100
 10 2504.41 2504.41 100
 10 4934.95 4934.95 100
 10 4941.48 4941.48 100
 10 4954.77 4954.77 100
 10 4977.47 4977.47 100
 10 4985.64 4985.64 100
 10 4969.7 4985.64 100
 10 4946.57 4985.64 100
 10 4913.49 4985.64 100
 10 4875.53 4985.64 100
 10 4812.14 4985.64 100
 10 4738.55 4985.64 100
 10 4661.13 4985.64 100
 10 4583.2 4985.64 100
 10 4493.16 4985.64 100
 10 4404.54 4985.64 100
 10 4319.27 4985.64 100
 10 4225.02 4985.64 100
 10 4567.91 4985.64 100
 10 4737.21 4985.64 100
 10 4777.9 4985.64 100
 10 4727.92 4985.64 100
 10 4612.81 4985.64 100
 10 4459.32 4985.64 100
 10 4288.17 4985.64 100
 10 4116.71 4985.64 100
 10 3950.52 4985.64 100
 10 3799.59 4985.64 100
