 11 0 -1000 30
 11 0 0 30
 11 0 0 30
 11 395.459 395.459 30
 11 1100.8 1100.8 30
 11 1132.5 1132.5 30
 11 1249.69 1249.69 30
 11 1250.94 1250.94 30
 11 1228.43 1250.94 30
 11 1255.84 1255.84 30
 11 1245.35 1255.84 30
 11 1206.17 1255.84 30
 11 1144.41 1255.84 30
 11 1067.5 1255.84 30
 11 991.963 1255.84 30
 11 911.213 1255.84 30
 11 836.219 1255.84 30
 11 765.735 1255.84 30
 11 703.376 1255.84 30
 11 650.652 1255.84 30
 11 607.705 1255.84 30
 11 574.818 1255.84 30
 11 548.564 1255.84 30
 11 525.299 1255.84 30
 11 507.319 1255.84 30
 11 493.45 1255.84 30
 11 484.14 1255.84 30
 11 480.836 1255.84 30
 11 482.157 1255.84 30
 11 478.514 1255.84 30
 10 0 -1000 30
 10 0 0 30
 10 0 0 30
 10 212.978 212.978 30
 10 1419.09 1419.09 30
 10 1455.93 1455.93 30
 10 1531.54 1531.54 30
 10 1531.97 1531.97 30
 10 1528.68 1531.97 30
 10 1528.63 1531.97 30
 10 1531.79 1531.97 30
 10 1519.25 1531.97 30
 10 1477.79 1531.97 30
 10 1417.72 1531.97 30
 10 1350.4 1531.97 30
 10 1285.55 1531.97 30
 10 1219.57 1531.97 30
 10 1150.08 1531.97 30
 10 1083.67 1531.97 30
 10 1023.71 1531.97 30
 10 966.917 1531.97 30
 10 923.283 1531.97 30
 10 891.24 1531.97 30
 10 861.003 1531.97 30
 10 837.258 1531.97 30
 10 817.66 1531.97 30
 10 804.722 1531.97 30
 10 798.477 1531.97 30
 10 795.03 1531.97 30
 10 790.653 1531.97 30
 11 0 -1000 30
 11 0 0 30
 11 0 0 30
 11 717.461 717.461 30
 11 1066.9 1066.9 30
 11 1069.31 1069.31 30
 11 939.971 1069.31 30
 11 934.561 1069.31 30
 11 925.218 1069.31 30
 11 908.172 1069.31 30
 11 875.928 1069.31 30
 11 836.09 1069.31 30
 11 788.379 1069.31 30
 11 744.58 1069.31 30
 11 698.112 1069.31 30
 11 653.652 1069.31 30
 11 611.004 1069.31 30
 11 569.84 1069.31 30
 11 538.239 1069.31 30
 11 512.517 1069.31 30
 11 498.492 1069.31 30
 11 484.892 1069.31 30
 11 475.354 1069.31 30
 11 463.827 1069.31 30
 11 452.566 1069.31 30
 11 448.316 1069.31 30
 11 441.662 1069.31 30
 11 440.863 1069.31 30
 11 444.847 1069.31 30
 11 440.229 1069.31 30
 15 0 -1000 40
 15 0 0 40
 15 0 0 40
 15 1246.05 1246.05 40
 15 2342.13 2342.13 40
 15 2334.87 2342.13 40
 15 2331.5 2342.13 40
 15 2330.5 2342.13 40
 15 2331.24 2342.13 40
 15 2325.34 2342.13 40
 15 2291.89 2342.13 40
 15 2246.67 2342.13 40
 15 2194.95 2342.13 40
 15 2142.14 2342.13 40
 15 2085.93 2342.13 40
 15 2022.42 2342.13 40
 15 1951.04 2342.13 40
 15 1884.12 2342.13 40
 15 1817.23 2342.13 40
 15 1764.23 2342.13 40
 15 1713.26 2342.13 40
 15 1670.76 2342.13 40
 15 1634.49 2342.13 40
 15 1604.19 2342.13 40
 15 1583.1 2342.13 40
 15 1567.26 2342.13 40
 15 1553.09 2342.13 40
 15 1541.19 2342.13 40
 15 1536.77 2342.13 40
 15 1533.54 2342.13 40
 11 0 -1000 40
 11 0 0 40
 11 0 0 40
 11 1590.56 1590.56 40
 11 1972.42 1972.42 40
 11 1982.59 1982.59 40
 11 2000.3 2000.3 40
 11 2023.18 2023.18 40
 11 2053.54 2053.54 40
 11 2079.7 2079.7 40
 11 2091.34 2091.34 40
 11 2069.38 2091.34 40
 11 2025.74 2091.34 40
 11 1965.88 2091.34 40
 11 1907.34 2091.34 40
 11 1846.44 2091.34 40
 11 1785.67 2091.34 40
 11 1736.08 2091.34 40
 11 1690.94 2091.34 40
 11 1651.33 2091.34 40
 11 1619.82 2091.34 40
 11 1593.54 2091.34 40
 11 1570.11 2091.34 40
 11 1549.73 2091.34 40
 11 1536.46 2091.34 40
 11 1528.39 2091.34 40
 11 1518.76 2091.34 40
 11 1516.42 2091.34 40
 11 1512.45 2091.34 40
 11 1506.8 2091.34 40
 10 0 -1000 40
 10 0 0 40
 10 0 0 40
 10 1516.82 1516.82 40
 10 2085.95 2085.95 40
 10 2082.22 2085.95 40
 10 2087.18 2087.18 40
 10 2094.45 2094.45 40
 10 2107.13 2107.13 40
 10 2121.28 2121.28 40
 10 2103.95 2121.28 40
 10 2063.57 2121.28 40
 10 2011.72 2121.28 40
 10 1955.96 2121.28 40
 10 1897.65 2121.28 40
 10 1836.83 2121.28 40
 10 1758.58 2121.28 40
 10 1678.07 2121.28 40
 10 1599.41 2121.28 40
 10 1528.08 2121.28 40
 10 1462.01 2121.28 40
 10 1408.39 2121.28 40
 10 1363.14 2121.28 40
 10 1325.48 2121.28 40
 10 1296.81 2121.28 40
 10 1275.29 2121.28 40
 10 1261.5 2121.28 40
 10 1251.92 2121.28 40
 10 1245.66 2121.28 40
 10 1238.98 2121.28 40
 11 0 -1000 40
 11 0 0 40
 11 120.577 120.577 40
 11 1666.19 1666.19 40
 11 1836.02 1836.02 40
 11 1848.08 1848.08 40
 11 1870.43 1870.43 40
 11 1892.87 1892.87 40
 11 1903.62 1903.62 40
 11 1897.82 1903.62 40
 11 1878.24 1903.62 40
 11 1850.08 1903.62 40
 11 1815.16 1903.62 40
 11 1765.54 1903.62 40
 11 1704.07 1903.62 40
 11 1641.4 1903.62 40
 11 1575.18 1903.62 40
 11 1508.3 1903.62 40
 11 1446.4 1903.62 40
 11 1397.62 1903.62 40
 11 1352.26 1903.62 40
 11 1316.86 1903.62 40
 11 1287.53 1903.62 40
 11 1264.79 1903.62 40
 11 1243.29 1903.62 40
 11 1227.74 1903.62 40
 11 1214.87 1903.62 40
 11 1207.05 1903.62 40
 11 1200.93 1903.62 40
 11 1194.78 1903.62 40
 15 0 -1000 50
 15 315.677 315.677 50
 15 2782.14 2782.14 50
 15 2895.76 2895.76 50
 15 2908.22 2908.22 50
 15 2922.99 2922.99 50
 15 2935.77 2935.77 50
 15 2950.15 2950.15 50
 15 2940.91 2950.15 50
 15 2910.49 2950.15 50
 15 2867.18 2950.15 50
 15 2821.96 2950.15 50
 15 2770.67 2950.15 50
 15 2708.1 2950.15 50
 15 2633.63 2950.15 50
 15 2556.33 2950.15 50
 15 2492.17 2950.15 50
 15 2424.54 2950.15 50
 15 2354.88 2950.15 50
 15 2289.08 2950.15 50
 15 2234.14 2950.15 50
 15 2189.23 2950.15 50
 15 2150.62 2950.15 50
 15 2116.15 2950.15 50
 15 2088.73 2950.15 50
 15 2068.72 2950.15 50
 15 2056.55 2950.15 50
 15 2044.34 2950.15 50
 15 2032.82 2950.15 50
 15 2030.51 2950.15 50
 11 0 -1000 50
 11 0 0 50
 11 406.836 406.836 50
 11 1732.75 1732.75 50
 11 4511.04 4511.04 50
 11 4375.1 4511.04 50
 11 4158.83 4511.04 50
 11 3872.71 4511.04 50
 11 3555.07 4511.04 50
 11 3231.46 4511.04 50
 11 2928.13 4511.04 50
 11 2653.68 4511.04 50
 11 2417.61 4511.04 50
 11 2187.29 4511.04 50
 11 1986.94 4511.04 50
 11 1816.07 4511.04 50
 11 1675.81 4511.04 50
 11 1564.9 4511.04 50
 11 1475.2 4511.04 50
 11 1410.83 4511.04 50
 11 1366.77 4511.04 50
 11 1335.48 4511.04 50
 11 1319.94 4511.04 50
 11 1312.36 4511.04 50
 11 1309.67 4511.04 50
 11 1306.13 4511.04 50
 11 1304.68 4511.04 50
 11 1312.77 4511.04 50
 11 1317.92 4511.04 50
 11 1323.68 4511.04 50
 10 0 -1000 50
 10 0 0 50
 10 324.712 324.712 50
 10 2618.47 2618.47 50
 10 2712.73 2712.73 50
 10 2714.55 2714.55 50
 10 2725.68 2725.68 50
 10 2728.28 2728.28 50
 10 2849.33 2849.33 50
 10 2903.61 2903.61 50
 10 2910.7 2910.7 50
 10 2864.37 2910.7 50
 10 2779.75 2910.7 50
 10 2680.93 2910.7 50
 10 2569.01 2910.7 50
 10 2465.1 2910.7 50
 10 2335.66 2910.7 50
 10 2214.24 2910.7 50
 10 2102.15 2910.7 50
 10 1996.66 2910.7 50
 10 1907.66 2910.7 50
 10 1832.88 2910.7 50
 10 1772.88 2910.7 50
 10 1725.42 2910.7 50
 10 1688.37 2910.7 50
 10 1758.53 2910.7 50
 10 1798.65 2910.7 50
 10 1819.15 2910.7 50
 10 1820.2 2910.7 50
 10 1806.39 2910.7 50
 11 0 -1000 50
 11 0 0 50
 11 253.963 253.963 50
 11 2123.3 2123.3 50
 11 2650.22 2650.22 50
 11 2651.68 2651.68 50
 11 2653.61 2653.61 50
 11 2659.09 2659.09 50
 11 2820.52 2820.52 50
 11 2893.71 2893.71 50
 11 2899.21 2899.21 50
 11 2864.47 2899.21 50
 11 2797.5 2899.21 50
 11 2720.81 2899.21 50
 11 2629.4 2899.21 50
 11 2528.76 2899.21 50
 11 2445.35 2899.21 50
 11 2347.78 2899.21 50
 11 2258.19 2899.21 50
 11 2180.02 2899.21 50
 11 2111.94 2899.21 50
 11 2057.2 2899.21 50
 11 2013.61 2899.21 50
 11 1983.76 2899.21 50
 11 1957.47 2899.21 50
 11 1938.98 2899.21 50
 11 1924.31 2899.21 50
 11 1916.58 2899.21 50
 11 1913.18 2899.21 50
 11 1908.72 2899.21 50
 15 0 -1000 60
 15 0 0 60
 15 0 0 60
 15 2892.53 2892.53 60
 15 3926.55 3926.55 60
 15 3944.65 3944.65 60
 15 3971.99 3971.99 60
 15 4007.02 4007.02 60
 15 4052.66 4052.66 60
 15 4096.45 4096.45 60
 15 4106.89 4106.89 60
 15 4084.51 4106.89 60
 15 4044.14 4106.89 60
 15 3987.88 4106.89 60
 15 3930.29 4106.89 60
 15 3873.54 4106.89 60
 15 3801.3 4106.89 60
 15 3717.12 4106.89 60
 15 3628.65 4106.89 60
 15 3543.75 4106.89 60
 15 3455.99 4106.89 60
 15 3369.59 4106.89 60
 15 3286.87 4106.89 60
 15 3215.52 4106.89 60
 15 3152.72 4106.89 60
 15 3096.04 4106.89 60
 15 3049.86 4106.89 60
 15 3186.37 4106.89 60
 15 3269.11 4106.89 60
 15 3301.59 4106.89 60
 11 0 -1000 60
 11 0 0 60
 11 324.358 324.358 60
 11 2626.52 2626.52 60
 11 3140.89 3140.89 60
 11 3153.5 3153.5 60
 11 3167.73 3167.73 60
 11 3181.23 3181.23 60
 11 3194.47 3194.47 60
 11 3190.93 3194.47 60
 11 3488.98 3488.98 60
 11 3655.91 3655.91 60
 11 3709.73 3709.73 60
 11 3670.2 3709.73 60
 11 3575.64 3709.73 60
 11 3441.21 3709.73 60
 11 3289.13 3709.73 60
 11 3126.91 3709.73 60
 11 2971.32 3709.73 60
 11 2826.31 3709.73 60
 11 2698.65 3709.73 60
 11 2589.15 3709.73 60
 11 2633.86 3709.73 60
 11 2639.24 3709.73 60
 11 2627.69 3709.73 60
 11 2594.63 3709.73 60
 11 2558.86 3709.73 60
 11 2512.06 3709.73 60
 11 2490.87 3709.73 60
 11 2558.34 3709.73 60
 10 0 -1000 60
 10 0 0 60
 10 0 0 60
 10 2530.87 2530.87 60
 10 2949.6 2949.6 60
 10 2965.39 2965.39 60
 10 2989.75 2989.75 60
 10 3017.52 3017.52 60
 10 3043.54 3043.54 60
 10 3061.42 3061.42 60
 10 3046.47 3061.42 60
 10 3007.54 3061.42 60
 10 3105.98 3105.98 60
 10 3144.9 3144.9 60
 10 3136.65 3144.9 60
 10 3074.19 3144.9 60
 10 2970.04 3144.9 60
 10 2978.43 3144.9 60
 10 2934.05 3144.9 60
 10 2849.4 3144.9 60
 10 2743.89 3144.9 60
 10 2629.41 3144.9 60
 10 2516.92 3144.9 60
 10 2426.73 3144.9 60
 10 2325.84 3144.9 60
 10 2355.05 3144.9 60
 10 2352.9 3144.9 60
 10 2331.12 3144.9 60
 10 2301.15 3144.9 60
 10 2258.04 3144.9 60
 11 0 -1000 60
 11 0 0 60
 11 418.62 418.62 60
 11 1807.29 1807.29 60
 11 2262.94 2262.94 60
 11 2256.8 2262.94 60
 11 2255.76 2262.94 60
 11 2255.44 2262.94 60
 11 2259.29 2262.94 60
 11 2265.86 2265.86 60
 11 2360.94 2360.94 60
 11 2383.83 2383.83 60
 11 2360.4 2383.83 60
 11 2304.68 2383.83 60
 11 2234.72 2383.83 60
 11 2155.38 2383.83 60
 11 2071.89 2383.83 60
 11 1992.83 2383.83 60
 11 1920.17 2383.83 60
 11 1853.54 2383.83 60
 11 1797.96 2383.83 60
 11 1750.65 2383.83 60
 11 1716.92 2383.83 60
 11 1687.29 2383.83 60
 11 1660.92 2383.83 60
 11 1645.13 2383.83 60
 11 1635.93 2383.83 60
 11 1624.67 2383.83 60
 11 1618.66 2383.83 60
 11 1613.35 2383.83 60
 15 0 -1000 70
 15 0 0 70
 15 0 0 70
 15 2434.23 2434.23 70
 15 3858.67 3858.67 70
 15 3868.21 3868.21 70
 15 3885.46 3885.46 70
 15 3907.82 3907.82 70
 15 3940.34 3940.34 70
 15 3975.1 3975.1 70
 15 4011.54 4011.54 70
 15 4049.66 4049.66 70
 15 4061.43 4061.43 70
 15 4028.94 4061.43 70
 15 3973.56 4061.43 70
 15 3902.95 4061.43 70
 15 3828.96 4061.43 70
 15 3757.94 4061.43 70
 15 3690.6 4061.43 70
 15 3625.19 4061.43 70
 15 3540.61 4061.43 70
 15 3443.6 4061.43 70
 15 3341.91 4061.43 70
 15 3250.22 4061.43 70
 15 3167.32 4061.43 70
 15 3093.07 4061.43 70
 15 3027.38 4061.43 70
 15 2975.16 4061.43 70
 15 2933.05 4061.43 70
 15 2900.08 4061.43 70
 11 0 -1000 70
 11 0 0 70
 11 1208.5 1208.5 70
 11 3420.33 3420.33 70
 11 3422.33 3422.33 70
 11 3426.96 3426.96 70
 11 3434.1 3434.1 70
 11 3446.16 3446.16 70
 11 3461.76 3461.76 70
 11 3475.06 3475.06 70
 11 3449.13 3475.06 70
 11 3397.31 3475.06 70
 11 3500.85 3500.85 70
 11 3535.17 3535.17 70
 11 3522.2 3535.17 70
 11 3458.97 3535.17 70
 11 3359.32 3535.17 70
 11 3233.36 3535.17 70
 11 3106.48 3535.17 70
 11 2980.18 3535.17 70
 11 2852.42 3535.17 70
 11 2729.85 3535.17 70
 11 2620.07 3535.17 70
 11 2522.99 3535.17 70
 11 2460.75 3535.17 70
 11 2392.44 3535.17 70
 11 2343.26 3535.17 70
 11 2304.4 3535.17 70
 11 2272.61 3535.17 70
 11 2250.63 3535.17 70
 10 0 -1000 70
 10 758.109 758.109 70
 10 3498.2 3498.2 70
 10 3519.95 3519.95 70
 10 3553.4 3553.4 70
 10 3595.16 3595.16 70
 10 3634.54 3634.54 70
 10 3645.76 3645.76 70
 10 3640.32 3645.76 70
 10 3622.29 3645.76 70
 10 3597.64 3645.76 70
 10 3553.62 3645.76 70
 10 3491.49 3645.76 70
 10 3417.36 3645.76 70
 10 3340.39 3645.76 70
 10 3268.83 3645.76 70
 10 3183.99 3645.76 70
 10 3093.85 3645.76 70
 10 2999.39 3645.76 70
 10 2910.28 3645.76 70
 10 2819.24 3645.76 70
 10 2732 3645.76 70
 10 2652.08 3645.76 70
 10 2577.05 3645.76 70
 10 2510.05 3645.76 70
 10 2478.18 3645.76 70
 10 2433.38 3645.76 70
 10 2398.18 3645.76 70
 10 2372.43 3645.76 70
 10 2356.23 3645.76 70
 11 0 -1000 70
 11 217.563 217.563 70
 11 2796.97 2796.97 70
 11 3714.53 3714.53 70
 11 3710.6 3714.53 70
 11 3711.12 3714.53 70
 11 3718.24 3718.24 70
 11 3729.88 3729.88 70
 11 3748.78 3748.78 70
 11 3767.73 3767.73 70
 11 3790.61 3790.61 70
 11 3812.18 3812.18 70
 11 3831.13 3831.13 70
 11 3849.31 3849.31 70
 11 3817.32 3849.31 70
 11 3742.49 3849.31 70
 11 3648.86 3849.31 70
 11 3548.84 3849.31 70
 11 3449.41 3849.31 70
 11 3356.98 3849.31 70
 11 3270.49 3849.31 70
 11 3198.7 3849.31 70
 11 3130.46 3849.31 70
 11 3050.57 3849.31 70
 11 2963.64 3849.31 70
 11 2880.7 3849.31 70
 11 2803.55 3849.31 70
 11 2733.03 3849.31 70
 11 2676.42 3849.31 70
 11 2629.63 3849.31 70
 15 0 -1000 80
 15 3352.76 3352.76 80
 15 4660.68 4660.68 80
 15 4657.94 4660.68 80
 15 4667.29 4667.29 80
 15 4684.48 4684.48 80
 15 4702.87 4702.87 80
 15 4729.84 4729.84 80
 15 4758.83 4758.83 80
 15 4783.63 4783.63 80
 15 4813.79 4813.79 80
 15 4836.03 4836.03 80
 15 4839.3 4839.3 80
 15 4791.5 4839.3 80
 15 4714.47 4839.3 80
 15 4621.25 4839.3 80
 15 4523.01 4839.3 80
 15 4427.58 4839.3 80
 15 4338.46 4839.3 80
 15 4255.92 4839.3 80
 15 4187.48 4839.3 80
 15 4111.46 4839.3 80
 15 4031.37 4839.3 80
 15 3950.15 4839.3 80
 15 3872.86 4839.3 80
 15 3799.04 4839.3 80
 15 3733.07 4839.3 80
 15 3672.42 4839.3 80
 15 3625.39 4839.3 80
 15 3588.53 4839.3 80
 11 123.018 -1000 80
 11 0 0 80
 11 599.854 599.854 80
 11 3268.46 3268.46 80
 11 3276.8 3276.8 80
 11 3303.67 3303.67 80
 11 3339.22 3339.22 80
 11 3379.77 3379.77 80
 11 3424.41 3424.41 80
 11 3473.25 3473.25 80
 11 3519.86 3519.86 80
 11 3525.47 3525.47 80
 11 3499.61 3525.47 80
 11 3455.3 3525.47 80
 11 3402.53 3525.47 80
 11 3347.87 3525.47 80
 11 3286.95 3525.47 80
 11 3211.81 3525.47 80
 11 3129.59 3525.47 80
 11 3048.23 3525.47 80
 11 2971.32 3525.47 80
 11 2901.03 3525.47 80
 11 2840.19 3525.47 80
 11 2789.61 3525.47 80
 11 2744.47 3525.47 80
 11 2713.09 3525.47 80
 11 2688.13 3525.47 80
 11 2665.22 3525.47 80
 11 2652.23 3525.47 80
 11 2641.82 3525.47 80
 10 0 -1000 80
 10 2634.73 2634.73 80
 10 3590.75 3590.75 80
 10 3603.91 3603.91 80
 10 3630.52 3630.52 80
 10 3665.05 3665.05 80
 10 3901.46 3901.46 80
 10 4031.77 4031.77 80
 10 4076.85 4076.85 80
 10 4066.93 4076.85 80
 10 4021.54 4076.85 80
 10 3936.26 4076.85 80
 10 3823.17 4076.85 80
 10 3872.8 4076.85 80
 10 3849.85 4076.85 80
 10 3759.33 4076.85 80
 10 3633.7 4076.85 80
 10 3491.52 4076.85 80
 10 3343.47 4076.85 80
 10 3199.44 4076.85 80
 10 3060.01 4076.85 80
 10 2936.55 4076.85 80
 10 2831.46 4076.85 80
 10 2741.21 4076.85 80
 10 2669.5 4076.85 80
 10 2613.31 4076.85 80
 10 2570.97 4076.85 80
 10 2536.63 4076.85 80
 10 2514.6 4076.85 80
 10 2499.26 4076.85 80
 11 112.195 -1000 80
 11 0 0 80
 11 326.456 326.456 80
 11 3667.14 3667.14 80
 11 3692.68 3692.68 80
 11 3742.87 3742.87 80
 11 3809.49 3809.49 80
 11 3880.64 3880.64 80
 11 3954.44 3954.44 80
 11 3991.69 3991.69 80
 11 3999.87 3999.87 80
 11 3980.64 3999.87 80
 11 3951.17 3999.87 80
 11 3916.73 3999.87 80
 11 3879.59 3999.87 80
 11 3811.37 3999.87 80
 11 3734.27 3999.87 80
 11 3652.95 3999.87 80
 11 3578.79 3999.87 80
 11 3503.27 3999.87 80
 11 3416.55 3999.87 80
 11 3327.48 3999.87 80
 11 3244.37 3999.87 80
 11 3167.26 3999.87 80
 11 3102.6 3999.87 80
 11 3044.35 3999.87 80
 11 2996.1 3999.87 80
 11 2960.05 3999.87 80
 11 2926.48 3999.87 80
 11 2901.41 3999.87 80
 15 0 -1000 90
 15 1239.3 1239.3 90
 15 4998.14 4998.14 90
 15 5018.69 5018.69 90
 15 5062.12 5062.12 90
 15 5118.71 5118.71 90
 15 5187.21 5187.21 90
 15 5255.7 5255.7 90
 15 5325.13 5325.13 90
 15 5388.68 5388.68 90
 15 5449.72 5449.72 90
 15 5505.26 5505.26 90
 15 5552.31 5552.31 90
 15 5546.58 5552.31 90
 15 5491.22 5552.31 90
 15 5405.25 5552.31 90
 15 5311.99 5552.31 90
 15 5210.23 5552.31 90
 15 5117.44 5552.31 90
 15 5029.7 5552.31 90
 15 4949.83 5552.31 90
 15 4882.31 5552.31 90
 15 4792.23 5552.31 90
 15 4694.23 5552.31 90
 15 4595.42 5552.31 90
 15 4497.76 5552.31 90
 15 4411.32 5552.31 90
 15 4332.04 5552.31 90
 15 4266.24 5552.31 90
 15 4207.13 5552.31 90
 11 4263.05 -1000 90
 11 4260.96 4260.96 90
 11 4267.05 4267.05 90
 11 4278.67 4278.67 90
 11 4298.61 4298.61 90
 11 4322.34 4322.34 90
 11 4346.05 4346.05 90
 11 4350.2 4350.2 90
 11 4316.66 4350.2 90
 11 4257.98 4350.2 90
 11 4189.17 4350.2 90
 11 4121.61 4350.2 90
 11 4053.02 4350.2 90
 11 3992.22 4350.2 90
 11 3913.04 4350.2 90
 11 3822.98 4350.2 90
 11 3729.87 4350.2 90
 11 3644.67 4350.2 90
 11 3567.59 4350.2 90
 11 3497.19 4350.2 90
 11 3433.52 4350.2 90
 11 3383.23 4350.2 90
 11 3337.42 4350.2 90
 11 3301.05 4350.2 90
 11 3273.05 4350.2 90
 11 3249.42 4350.2 90
 11 3233.63 4350.2 90
 11 3219.43 4350.2 90
 11 3210.21 4350.2 90
 11 3204.79 4350.2 90
 10 0 -1000 90
 10 0 0 90
 10 301.204 301.204 90
 10 3820.14 3820.14 90
 10 3848.96 3848.96 90
 10 3901.35 3901.35 90
 10 3970.56 3970.56 90
 10 4049.97 4049.97 90
 10 4131.77 4131.77 90
 10 4213.44 4213.44 90
 10 4289.99 4289.99 90
 10 4314.48 4314.48 90
 10 4289.54 4314.48 90
 10 4240.65 4314.48 90
 10 4175.89 4314.48 90
 10 4105.37 4314.48 90
 10 4036.87 4314.48 90
 10 3971.86 4314.48 90
 10 3913.52 4314.48 90
 10 3830.75 4314.48 90
 10 3735.64 4314.48 90
 10 3633.65 4314.48 90
 10 3540.8 4314.48 90
 10 3455.9 4314.48 90
 10 3380.5 4314.48 90
 10 3314.74 4314.48 90
 10 3259.44 4314.48 90
 10 3216.42 4314.48 90
 10 3183.43 4314.48 90
 10 3152.88 4314.48 90
 11 184.392 -1000 90
 11 0 0 90
 11 784.46 784.46 90
 11 3612.67 3612.67 90
 11 3617.11 3617.11 90
 11 3627.23 3627.23 90
 11 3648.21 3648.21 90
 11 3673.71 3673.71 90
 11 3707.08 3707.08 90
 11 3745.88 3745.88 90
 11 3780.35 3780.35 90
 11 3807.97 3807.97 90
 11 3787.56 3807.97 90
 11 3734.8 3807.97 90
 11 3665.83 3807.97 90
 11 3586.38 3807.97 90
 11 3504.24 3807.97 90
 11 3430.8 3807.97 90
 11 3368.43 3807.97 90
 11 3298.17 3807.97 90
 11 3220.62 3807.97 90
 11 3147.67 3807.97 90
 11 3080.07 3807.97 90
 11 3024.4 3807.97 90
 11 2978.81 3807.97 90
 11 2938.47 3807.97 90
 11 2904.56 3807.97 90
 11 2875.98 3807.97 90
 11 2854.39 3807.97 90
 11 2839 3807.97 90
 15 0 -1000 100
 15 0 0 100
 15 258.17 258.17 100
 15 5059.55 5059.55 100
 15 5111.11 5111.11 100
 15 5201.13 5201.13 100
 15 5317.77 5317.77 100
 15 5449.42 5449.42 100
 15 5579.75 5579.75 100
 15 5713.22 5713.22 100
 15 5832.94 5832.94 100
 15 5887.56 5887.56 100
 15 5907.44 5907.44 100
 15 5896.06 5907.44 100
 15 5865.18 5907.44 100
 15 5828.26 5907.44 100
 15 5791.49 5907.44 100
 15 5725.91 5907.44 100
 15 5643 5907.44 100
 15 5548.88 5907.44 100
 15 5458.81 5907.44 100
 15 5373.77 5907.44 100
 15 5278.37 5907.44 100
 15 5177.61 5907.44 100
 15 5080.02 5907.44 100
 15 4986.85 5907.44 100
 15 4899.63 5907.44 100
 15 4814.97 5907.44 100
 15 4737.3 5907.44 100
 15 4667.91 5907.44 100
 11 0 -1000 100
 11 0 0 100
 11 2134.27 2134.27 100
 11 4670.01 4670.01 100
 11 4667.45 4670.01 100
 11 4665.44 4670.01 100
 11 4670.8 4670.8 100
 11 4682.47 4682.47 100
 11 4702.88 4702.88 100
 11 4729.21 4729.21 100
 11 4739.78 4739.78 100
 11 4706.64 4739.78 100
 11 4648.04 4739.78 100
 11 4573.75 4739.78 100
 11 4499.11 4739.78 100
 11 4423.08 4739.78 100
 11 4361.74 4739.78 100
 11 4301.53 4739.78 100
 11 4218.91 4739.78 100
 11 4126.18 4739.78 100
 11 4027.98 4739.78 100
 11 3942.47 4739.78 100
 11 3864.97 4739.78 100
 11 3793.51 4739.78 100
 11 3724.71 4739.78 100
 11 3664.63 4739.78 100
 11 3609.95 4739.78 100
 11 3566.87 4739.78 100
 11 3525.2 4739.78 100
 11 3495.75 4739.78 100
 10 0 -1000 100
 10 0 0 100
 10 1631.36 1631.36 100
 10 4847.93 4847.93 100
 10 4854.43 4854.43 100
 10 4863.81 4863.81 100
 10 4868.75 4868.75 100
 10 4867.9 4868.75 100
 10 4854.48 4868.75 100
 10 4832.57 4868.75 100
 10 4795.59 4868.75 100
 10 4749.28 4868.75 100
 10 4696.53 4868.75 100
 10 4632.76 4868.75 100
 10 4563.41 4868.75 100
 10 4488.77 4868.75 100
 10 4407.95 4868.75 100
 10 4323.63 4868.75 100
 10 4233.31 4868.75 100
 10 4145.89 4868.75 100
 10 4056.2 4868.75 100
 10 3968.41 4868.75 100
 10 3881.1 4868.75 100
 10 3792.99 4868.75 100
 10 3709.33 4868.75 100
 10 3633.76 4868.75 100
 10 3563.31 4868.75 100
 10 3501.9 4868.75 100
 10 3449.38 4868.75 100
 10 3404.49 4868.75 100
 11 0 -1000 100
 11 0 0 100
 11 1265.18 1265.18 100
 11 4744.41 4744.41 100
 11 4751.35 4751.35 100
 11 4764.78 4764.78 100
 11 4782.58 4782.58 100
 11 4807.46 4807.46 100
 11 4832.49 4832.49 100
 11 4853.37 4853.37 100
 11 4836.28 4853.37 100
 11 4784.05 4853.37 100
 11 4716.58 4853.37 100
 11 4640.5 4853.37 100
 11 4566.64 4853.37 100
 11 4495.73 4853.37 100
 11 4415.85 4853.37 100
 11 4315.79 4853.37 100
 11 4209.9 4853.37 100
 11 4107.54 4853.37 100
 11 4014.58 4853.37 100
 11 3938.49 4853.37 100
 11 3870.01 4853.37 100
 11 3798.65 4853.37 100
 11 3730.31 4853.37 100
 11 3662.49 4853.37 100
 11 3608.07 4853.37 100
 11 3563.02 4853.37 100
 11 3525.11 4853.37 100
 11 3492.67 4853.37 100
 15 0 -1000 110
 15 0 0 110
 15 2298.89 2298.89 110
 15 7029.74 7029.74 110
 15 7024.91 7029.74 110
 15 7030.62 7030.62 110
 15 7040.34 7040.34 110
 15 7051.65 7051.65 110
 15 7077.51 7077.51 110
 15 7096.78 7096.78 110
 15 7128.15 7128.15 110
 15 7112.54 7128.15 110
 15 7062.89 7128.15 110
 15 6987.21 7128.15 110
 15 6912.16 7128.15 110
 15 6830.19 7128.15 110
 15 6748.66 7128.15 110
 15 6678.7 7128.15 110
 15 6615.82 7128.15 110
 15 6876.43 7128.15 110
 15 6980.39 7128.15 110
 15 6975.7 7128.15 110
 15 6895.75 7128.15 110
 15 6763.74 7128.15 110
 15 6602.38 7128.15 110
 15 6429.62 7128.15 110
 15 6256.4 7128.15 110
 15 6085.13 7128.15 110
 15 6225.47 7128.15 110
 15 6253.92 7128.15 110
 11 0 -1000 110
 11 0 0 110
 11 759.37 759.37 110
 11 4570.02 4570.02 110
 11 4578 4578 110
 11 4596.09 4596.09 110
 11 4620.02 4620.02 110
 11 4651.75 4651.75 110
 11 4694.67 4694.67 110
 11 4740.84 4740.84 110
 11 4786.94 4786.94 110
 11 4788.27 4788.27 110
 11 4748.31 4788.27 110
 11 4683.2 4788.27 110
 11 4603.11 4788.27 110
 11 4526.72 4788.27 110
 11 4455.59 4788.27 110
 11 4390.56 4788.27 110
 11 4334.76 4788.27 110
 11 4260.91 4788.27 110
 11 4171.97 4788.27 110
 11 4083.83 4788.27 110
 11 3999.91 4788.27 110
 11 3923.79 4788.27 110
 11 3856.52 4788.27 110
 11 3792.62 4788.27 110
 11 3735.78 4788.27 110
 11 3681.95 4788.27 110
 11 3641.14 4788.27 110
 11 3605.64 4788.27 110
 10 4361.59 -1000 110
 10 4500.16 4500.16 110
 10 4603.44 4603.44 110
 10 4685.71 4685.71 110
 10 4742.37 4742.37 110
 10 4784.18 4784.18 110
 10 4806.15 4806.15 110
 10 4790.12 4806.15 110
 10 4751.34 4806.15 110
 10 4699.61 4806.15 110
 10 4643.88 4806.15 110
 10 4574.48 4806.15 110
 10 4488.45 4806.15 110
 10 4392.59 4806.15 110
 10 4299.73 4806.15 110
 10 4209.47 4806.15 110
 10 4124.01 4806.15 110
 10 4027.26 4806.15 110
 10 3933.93 4806.15 110
 10 3839.27 4806.15 110
 10 3753.62 4806.15 110
 10 3679.91 4806.15 110
 10 3614.92 4806.15 110
 10 3560.24 4806.15 110
 10 3509.33 4806.15 110
 10 3465.01 4806.15 110
 10 3431.37 4806.15 110
 10 3405.25 4806.15 110
 10 3384.28 4806.15 110
 10 3366.18 4806.15 110
 11 0 -1000 110
 11 0 0 110
 11 0 0 110
 11 3006.39 3006.39 110
 11 4557.88 4557.88 110
 11 4560.16 4560.16 110
 11 4570.64 4570.64 110
 11 4582.62 4582.62 110
 11 4600.52 4600.52 110
 11 4626.35 4626.35 110
 11 4654.5 4654.5 110
 11 4683.52 4683.52 110
 11 4659.68 4683.52 110
 11 4597.57 4683.52 110
 11 4511.16 4683.52 110
 11 4422.13 4683.52 110
 11 4332.04 4683.52 110
 11 4253.55 4683.52 110
 11 4185.14 4683.52 110
 11 4125.01 4683.52 110
 11 4072.23 4683.52 110
 11 3997.47 4683.52 110
 11 3916.97 4683.52 110
 11 3836.94 4683.52 110
 11 3763.4 4683.52 110
 11 3699.3 4683.52 110
 11 3642.49 4683.52 110
 11 3593.84 4683.52 110
 11 3558.6 4683.52 110
 11 3526.61 4683.52 110
 15 0 -1000 120
 15 0 0 120
 15 0 0 120
 15 2755.04 2755.04 120
 15 7300.78 7300.78 120
 15 7285.4 7300.78 120
 15 7284.39 7300.78 120
 15 7289.16 7300.78 120
 15 7300.82 7300.82 120
 15 7329.9 7329.9 120
 15 7356.98 7356.98 120
 15 7391.24 7391.24 120
 15 7398.12 7398.12 120
 15 7367.55 7398.12 120
 15 7314.58 7398.12 120
 15 7238.32 7398.12 120
 15 7167.99 7398.12 120
 15 7093.46 7398.12 120
 15 6626.96 7398.12 120
 15 7409.1 7409.1 120
 15 7871.96 7871.96 120
 15 8083.45 8083.45 120
 15 8114.5 8114.5 120
 15 7995.63 8114.5 120
 15 7782.04 8114.5 120
 15 7516.32 8114.5 120
 15 7231.74 8114.5 120
 15 6934.82 8114.5 120
 15 6647.54 8114.5 120
 15 6382.74 8114.5 120
 11 0 -1000 120
 11 0 0 120
 11 3562.99 3562.99 120
 11 4559.81 4559.81 120
 11 4564.95 4564.95 120
 11 4579.01 4579.01 120
 11 4601.35 4601.35 120
 11 4627.14 4627.14 120
 11 4657.51 4657.51 120
 11 4689.57 4689.57 120
 11 4728.4 4728.4 120
 11 4764.04 4764.04 120
 11 4745.85 4764.04 120
 11 4687.47 4764.04 120
 11 4609.11 4764.04 120
 11 4523.17 4764.04 120
 11 4444.26 4764.04 120
 11 4368.79 4764.04 120
 11 4299.86 4764.04 120
 11 4233.53 4764.04 120
 11 4158.26 4764.04 120
 11 4078.54 4764.04 120
 11 4003.98 4764.04 120
 11 3935.37 4764.04 120
 11 3874.6 4764.04 120
 11 3821.98 4764.04 120
 11 3776.66 4764.04 120
 11 3738.25 4764.04 120
 11 3709.98 4764.04 120
 11 3684.6 4764.04 120
 10 0 -1000 120
 10 0 0 120
 10 0 0 120
 10 920.259 920.259 120
 10 5270.23 5270.23 120
 10 5288.05 5288.05 120
 10 5318.79 5318.79 120
 10 5367.9 5367.9 120
 10 5415.22 5415.22 120
 10 5435.85 5435.85 120
 10 5431.36 5435.85 120
 10 5733.73 5733.73 120
 10 6183.56 6183.56 120
 10 6412.5 6412.5 120
 10 6473.41 6473.41 120
 10 6417.68 6473.41 120
 10 6261.96 6473.41 120
 10 6048.53 6473.41 120
 10 5811.59 6473.41 120
 10 5571.05 6473.41 120
 10 5321.26 6473.41 120
 10 5068.47 6473.41 120
 10 4828.11 6473.41 120
 10 4609.3 6473.41 120
 10 4419.47 6473.41 120
 10 4257.71 6473.41 120
 10 4126.53 6473.41 120
 10 4018.37 6473.41 120
 10 3933.26 6473.41 120
 10 3863.08 6473.41 120
