 15 0 -1000 30
 15 0 0 30
 15 0 0 30
 15 2655.93 2655.93 30
 15 1350.25 2655.93 30
 15 1689.36 2655.93 30
 15 1683.44 2655.93 30
 15 1660.09 2655.93 30
 15 1627.82 2655.93 30
 15 1592.6 2655.93 30
 15 1545.4 2655.93 30
 15 1488.19 2655.93 30
 15 1426.17 2655.93 30
 15 1353.66 2655.93 30
 15 1276.35 2655.93 30
 15 1203.36 2655.93 30
 15 1121.78 2655.93 30
 15 1049.1 2655.93 30
 15 983.6 2655.93 30
 15 925.104 2655.93 30
 15 873.376 2655.93 30
 15 830.562 2655.93 30
 15 799.754 2655.93 30
 15 775.264 2655.93 30
 15 752.991 2655.93 30
 15 741.156 2655.93 30
 15 726.828 2655.93 30
 15 716.599 2655.93 30
 15 711.608 2655.93 30
 15 706.27 2655.93 30
 5 0 -1000 30
 5 0 0 30
 5 0 0 30
 5 389.378 389.378 30
 5 2673.3 2673.3 30
 5 2544.24 2673.3 30
 5 2365.25 2673.3 30
 5 2132.87 2673.3 30
 5 1897.03 2673.3 30
 5 1679.63 2673.3 30
 5 1494.76 2673.3 30
 5 1338.9 2673.3 30
 5 1218.05 2673.3 30
 5 1122.34 2673.3 30
 5 1047.2 2673.3 30
 5 1004.73 2673.3 30
 5 965.208 2673.3 30
 5 931.332 2673.3 30
 5 894.752 2673.3 30
 5 862.67 2673.3 30
 5 834.576 2673.3 30
 5 832.354 2673.3 30
 5 823.258 2673.3 30
 5 810.429 2673.3 30
 5 796.872 2673.3 30
 5 779.282 2673.3 30
 5 766.097 2673.3 30
 5 753.624 2673.3 30
 5 736.881 2673.3 30
 5 724.894 2673.3 30
 1 0 -1000 30
 1 0 0 30
 1 0 0 30
 1 203.424 203.424 30
 1 2573.07 2573.07 30
 1 980.316 2573.07 30
 1 1220.29 2573.07 30
 1 1275.4 2573.07 30
 1 1268.54 2573.07 30
 1 1240.19 2573.07 30
 1 1194.55 2573.07 30
 1 1144.93 2573.07 30
 1 1095.1 2573.07 30
 1 1035.35 2573.07 30
 1 970.28 2573.07 30
 1 904.826 2573.07 30
 1 834.965 2573.07 30
 1 776.007 2573.07 30
 1 715.837 2573.07 30
 1 664.077 2573.07 30
 1 626.621 2573.07 30
 1 588.452 2573.07 30
 1 557.072 2573.07 30
 1 534.121 2573.07 30
 1 518.89 2573.07 30
 1 502.869 2573.07 30
 1 490.457 2573.07 30
 1 481.043 2573.07 30
 1 474.836 2573.07 30
 1 466.992 2573.07 30
 14 789.388 -1000 30
 14 1151.23 1151.23 30
 14 1152.85 1152.85 30
 14 1092.32 1152.85 30
 14 1072.25 1152.85 30
 14 1068.6 1152.85 30
 14 1055.62 1152.85 30
 14 1071.59 1152.85 30
 14 1070.46 1152.85 30
 14 1056.88 1152.85 30
 14 1037.18 1152.85 30
 14 1010.59 1152.85 30
 14 984.466 1152.85 30
 14 958.764 1152.85 30
 14 932.247 1152.85 30
 14 908.682 1152.85 30
 14 884.738 1152.85 30
 14 868.171 1152.85 30
 14 852.582 1152.85 30
 14 836.626 1152.85 30
 14 825.748 1152.85 30
 14 814.043 1152.85 30
 14 806.938 1152.85 30
 14 801.172 1152.85 30
 14 795.422 1152.85 30
 14 791.049 1152.85 30
 14 783.894 1152.85 30
 14 779.143 1152.85 30
 14 775.137 1152.85 30
 14 771.029 1152.85 30
 6 0 -1000 30
 6 0 0 30
 6 0 0 30
 6 2640.49 2640.49 30
 6 1482.01 2640.49 30
 6 1855.3 2640.49 30
 6 1854.58 2640.49 30
 6 1856.23 2640.49 30
 6 1825.93 2640.49 30
 6 1785.87 2640.49 30
 6 1735.66 2640.49 30
 6 1685.96 2640.49 30
 6 1678.5 2640.49 30
 6 1640.2 2640.49 30
 6 1582.7 2640.49 30
 6 1514.6 2640.49 30
 6 1443.51 2640.49 30
 6 1368.46 2640.49 30
 6 1295.11 2640.49 30
 6 1235.68 2640.49 30
 6 1180.54 2640.49 30
 6 1131.55 2640.49 30
 6 1088.59 2640.49 30
 6 1052.21 2640.49 30
 6 1025.73 2640.49 30
 6 1032.7 2640.49 30
 6 1029.12 2640.49 30
 6 1024.43 2640.49 30
 6 1017.1 2640.49 30
 6 1006.72 2640.49 30
 5 0 -1000 30
 5 0 0 30
 5 439.392 439.392 30
 5 2583.78 2583.78 30
 5 951.882 2583.78 30
 5 969.866 2583.78 30
 5 1002.41 2583.78 30
 5 1030.3 2583.78 30
 5 1049.87 2583.78 30
 5 1058.04 2583.78 30
 5 1058.27 2583.78 30
 5 1046.12 2583.78 30
 5 1026.2 2583.78 30
 5 997.434 2583.78 30
 5 962.164 2583.78 30
 5 951.528 2583.78 30
 5 930.812 2583.78 30
 5 904.142 2583.78 30
 5 872.373 2583.78 30
 5 851.341 2583.78 30
 5 826.42 2583.78 30
 5 809.472 2583.78 30
 5 793.833 2583.78 30
 5 778.243 2583.78 30
 5 764.022 2583.78 30
 5 750.78 2583.78 30
 5 740.691 2583.78 30
 5 744.216 2583.78 30
 5 751.845 2583.78 30
 5 757.041 2583.78 30
 15 0 -1000 40
 15 0 0 40
 15 778.894 778.894 40
 15 1956.41 1956.41 40
 15 2213.56 2213.56 40
 15 2216.14 2216.14 40
 15 2219.43 2219.43 40
 15 2202.79 2219.43 40
 15 2171.56 2219.43 40
 15 2135.63 2219.43 40
 15 2092.81 2219.43 40
 15 2033.98 2219.43 40
 15 1972.18 2219.43 40
 15 1906.06 2219.43 40
 15 1832.48 2219.43 40
 15 1757.9 2219.43 40
 15 1681.49 2219.43 40
 15 1601.8 2219.43 40
 15 1526.21 2219.43 40
 15 1455.81 2219.43 40
 15 1398.06 2219.43 40
 15 1347.29 2219.43 40
 15 1303.96 2219.43 40
 15 1270.85 2219.43 40
 15 1241.99 2219.43 40
 15 1216.14 2219.43 40
 15 1200.56 2219.43 40
 15 1187.2 2219.43 40
 15 1177.43 2219.43 40
 15 1171.23 2219.43 40
 14 0 -1000 40
 14 0 0 40
 14 106.357 106.357 40
 14 1251.24 1251.24 40
 14 1346.52 1346.52 40
 14 1575.88 1575.88 40
 14 1786.32 1786.32 40
 14 1959.6 1959.6 40
 14 2082.83 2082.83 40
 14 2161.27 2161.27 40
 14 2271.66 2271.66 40
 14 2328.33 2328.33 40
 14 2404.49 2404.49 40
 14 2421.94 2421.94 40
 14 2391.2 2421.94 40
 14 2328.71 2421.94 40
 14 2245.06 2421.94 40
 14 2153 2421.94 40
 14 2066.38 2421.94 40
 14 1983.71 2421.94 40
 14 1908.1 2421.94 40
 14 1845.88 2421.94 40
 14 1792.77 2421.94 40
 14 1747.39 2421.94 40
 14 1714.85 2421.94 40
 14 1684.66 2421.94 40
 14 1661.57 2421.94 40
 14 1645.24 2421.94 40
 14 1631.22 2421.94 40
 14 1623.83 2421.94 40
 1 0 -1000 40
 1 0 0 40
 1 1398.66 1398.66 40
 1 2216.98 2216.98 40
 1 2216.81 2216.98 40
 1 2225.65 2225.65 40
 1 2240.51 2240.51 40
 1 2261.78 2261.78 40
 1 2282.57 2282.57 40
 1 2305.7 2305.7 40
 1 2332.15 2332.15 40
 1 2357.71 2357.71 40
 1 2381.56 2381.56 40
 1 2375.05 2381.56 40
 1 2323.9 2381.56 40
 1 2247.01 2381.56 40
 1 2163.5 2381.56 40
 1 2076.51 2381.56 40
 1 1994.6 2381.56 40
 1 1918.54 2381.56 40
 1 1853.4 2381.56 40
 1 1790.94 2381.56 40
 1 1734.7 2381.56 40
 1 1688.21 2381.56 40
 1 1652.24 2381.56 40
 1 1626.31 2381.56 40
 1 1599.54 2381.56 40
 1 1577.82 2381.56 40
 1 1562.66 2381.56 40
 1 1550.11 2381.56 40
 5 0 -1000 40
 5 0 0 40
 5 0 0 40
 5 223.467 223.467 40
 5 1582.95 1582.95 40
 5 1649.5 1649.5 40
 5 1724.66 1724.66 40
 5 1797.72 1797.72 40
 5 1857.56 1857.56 40
 5 1894.7 1894.7 40
 5 1920.88 1920.88 40
 5 1932.06 1932.06 40
 5 1919.45 1932.06 40
 5 1889.26 1932.06 40
 5 1848.48 1932.06 40
 5 1798.1 1932.06 40
 5 1737.15 1932.06 40
 5 1674.95 1932.06 40
 5 1606.48 1932.06 40
 5 1541.89 1932.06 40
 5 1483.82 1932.06 40
 5 1428.93 1932.06 40
 5 1385.87 1932.06 40
 5 1348.56 1932.06 40
 5 1320.2 1932.06 40
 5 1298.67 1932.06 40
 5 1278.52 1932.06 40
 5 1263.89 1932.06 40
 5 1255.12 1932.06 40
 5 1239.08 1932.06 40
 6 1600.72 -1000 40
 6 2134.03 2134.03 40
 6 2129.95 2134.03 40
 6 2129.66 2134.03 40
 6 2133.66 2134.03 40
 6 2131.11 2134.03 40
 6 2102.83 2134.03 40
 6 2060.19 2134.03 40
 6 2011.69 2134.03 40
 6 1963.47 2134.03 40
 6 1911.05 2134.03 40
 6 1848.11 2134.03 40
 6 1777.56 2134.03 40
 6 1706.14 2134.03 40
 6 1634.34 2134.03 40
 6 1566.79 2134.03 40
 6 1504.31 2134.03 40
 6 1448.4 2134.03 40
 6 1438.52 2134.03 40
 6 1421.79 2134.03 40
 6 1399.87 2134.03 40
 6 1381.13 2134.03 40
 6 1392.41 2134.03 40
 6 1387.28 2134.03 40
 6 1377.14 2134.03 40
 6 1357.9 2134.03 40
 6 1335.11 2134.03 40
 6 1313.29 2134.03 40
 6 1289.99 2134.03 40
 6 1270.78 2134.03 40
 14 0 -1000 40
 14 0 0 40
 14 339.71 339.71 40
 14 1443.67 1443.67 40
 14 1546.45 1546.45 40
 14 1676.89 1676.89 40
 14 1832.65 1832.65 40
 14 1983.51 1983.51 40
 14 2111.75 2111.75 40
 14 2214.78 2214.78 40
 14 2288.72 2288.72 40
 14 2339.65 2339.65 40
 14 2365.32 2365.32 40
 14 2360.72 2365.32 40
 14 2344.2 2365.32 40
 14 2310.29 2365.32 40
 14 2260.38 2365.32 40
 14 2201.99 2365.32 40
 14 2135.68 2365.32 40
 14 2075.57 2365.32 40
 14 2017.97 2365.32 40
 14 1965.68 2365.32 40
 14 1921.87 2365.32 40
 14 1883.37 2365.32 40
 14 1847.36 2365.32 40
 14 1818.55 2365.32 40
 14 1794.93 2365.32 40
 14 1779.84 2365.32 40
 14 1767.41 2365.32 40
 14 1754.55 2365.32 40
 15 0 -1000 50
 15 0 0 50
 15 1740.37 1740.37 50
 15 2995.47 2995.47 50
 15 2998.68 2998.68 50
 15 3058.12 3058.12 50
 15 3102.2 3102.2 50
 15 3136.73 3136.73 50
 15 3138.78 3138.78 50
 15 3103.68 3138.78 50
 15 3046.96 3138.78 50
 15 2979.71 3138.78 50
 15 2910.24 3138.78 50
 15 2843.27 3138.78 50
 15 2768.81 3138.78 50
 15 2682.47 3138.78 50
 15 2593.88 3138.78 50
 15 2505.74 3138.78 50
 15 2442.33 3138.78 50
 15 2354.18 3138.78 50
 15 2274.42 3138.78 50
 15 2201.58 3138.78 50
 15 2133.44 3138.78 50
 15 2076.79 3138.78 50
 15 2029.08 3138.78 50
 15 1991.97 3138.78 50
 15 1958.85 3138.78 50
 15 1935.4 3138.78 50
 15 1917.62 3138.78 50
 15 1903.28 3138.78 50
 5 0 -1000 50
 5 0 0 50
 5 0 0 50
 5 1843.21 1843.21 50
 5 1898.54 1898.54 50
 5 1976.98 1976.98 50
 5 2074.6 2074.6 50
 5 2162.31 2162.31 50
 5 2243.85 2243.85 50
 5 2341.82 2341.82 50
 5 2391.31 2391.31 50
 5 2420.37 2420.37 50
 5 2415.79 2420.37 50
 5 2436.49 2436.49 50
 5 2426 2436.49 50
 5 2385.11 2436.49 50
 5 2318.99 2436.49 50
 5 2238.06 2436.49 50
 5 2153.45 2436.49 50
 5 2065.42 2436.49 50
 5 1982.94 2436.49 50
 5 1909.19 2436.49 50
 5 1843.84 2436.49 50
 5 1786.39 2436.49 50
 5 1738.61 2436.49 50
 5 1700.55 2436.49 50
 5 1672.87 2436.49 50
 5 1645.36 2436.49 50
 5 1629.65 2436.49 50
 5 1616.04 2436.49 50
 1 0 -1000 50
 1 0 0 50
 1 1618.49 1618.49 50
 1 2502.82 2502.82 50
 1 2502.92 2502.92 50
 1 2577.28 2577.28 50
 1 2602.78 2602.78 50
 1 2619.94 2619.94 50
 1 2599.6 2619.94 50
 1 2557.53 2619.94 50
 1 2507.58 2619.94 50
 1 2474.71 2619.94 50
 1 2402.27 2619.94 50
 1 2313.77 2619.94 50
 1 2223.9 2619.94 50
 1 2142 2619.94 50
 1 2107.13 2619.94 50
 1 2049.27 2619.94 50
 1 1979.12 2619.94 50
 1 1904.26 2619.94 50
 1 1827.19 2619.94 50
 1 1795.1 2619.94 50
 1 1752.75 2619.94 50
 1 1708.79 2619.94 50
 1 1664.93 2619.94 50
 1 1621.85 2619.94 50
 1 1581.64 2619.94 50
 1 1548.34 2619.94 50
 1 1520.61 2619.94 50
 1 1498.05 2619.94 50
 14 0 -1000 50
 14 0 0 50
 14 1857.93 1857.93 50
 14 5471.62 5471.62 50
 14 5315.88 5471.62 50
 14 5063.75 5471.62 50
 14 4753.09 5471.62 50
 14 4462.67 5471.62 50
 14 4126.16 5471.62 50
 14 3791.69 5471.62 50
 14 3480.93 5471.62 50
 14 3261.14 5471.62 50
 14 3099.69 5471.62 50
 14 2934.88 5471.62 50
 14 2773.36 5471.62 50
 14 2686.62 5471.62 50
 14 2592.68 5471.62 50
 14 2495.4 5471.62 50
 14 2417.6 5471.62 50
 14 2328.64 5471.62 50
 14 2314.3 5471.62 50
 14 2287.54 5471.62 50
 14 2253.06 5471.62 50
 14 2216.59 5471.62 50
 14 2181.38 5471.62 50
 14 2145.89 5471.62 50
 14 2112.18 5471.62 50
 14 2079.51 5471.62 50
 14 2047.7 5471.62 50
 14 2078.61 5471.62 50
 6 0 -1000 50
 6 0 0 50
 6 286.876 286.876 50
 6 2927.66 2927.66 50
 6 3185.49 3185.49 50
 6 3245.77 3245.77 50
 6 3295.65 3295.65 50
 6 3337.9 3337.9 50
 6 3360.56 3360.56 50
 6 3341.74 3360.56 50
 6 3299.5 3360.56 50
 6 3244.96 3360.56 50
 6 3182.34 3360.56 50
 6 3117.29 3360.56 50
 6 3031.56 3360.56 50
 6 2932.91 3360.56 50
 6 2837.53 3360.56 50
 6 2745.53 3360.56 50
 6 2649.32 3360.56 50
 6 2552.76 3360.56 50
 6 2483.4 3360.56 50
 6 2455.52 3360.56 50
 6 2410.93 3360.56 50
 6 2356.93 3360.56 50
 6 2300.44 3360.56 50
 6 2238.9 3360.56 50
 6 2238.24 3360.56 50
 6 2223.94 3360.56 50
 6 2199.26 3360.56 50
 6 2165.91 3360.56 50
 5 0 -1000 50
 5 0 0 50
 5 0 0 50
 5 2490.45 2490.45 50
 5 2497.26 2497.26 50
 5 2513.66 2513.66 50
 5 2537.16 2537.16 50
 5 2673.33 2673.33 50
 5 2747.48 2747.48 50
 5 2798.24 2798.24 50
 5 2801.7 2801.7 50
 5 2838.32 2838.32 50
 5 2815.61 2838.32 50
 5 2813.82 2838.32 50
 5 2754.39 2838.32 50
 5 2653.07 2838.32 50
 5 2529.22 2838.32 50
 5 2417.33 2838.32 50
 5 2281.97 2838.32 50
 5 2153.29 2838.32 50
 5 2039.07 2838.32 50
 5 1935.93 2838.32 50
 5 1852.77 2838.32 50
 5 1785.27 2838.32 50
 5 1730.26 2838.32 50
 5 1689.01 2838.32 50
 5 1655.16 2838.32 50
 5 1631.44 2838.32 50
 5 1614.62 2838.32 50
 5 1606.06 2838.32 50
 15 0 -1000 60
 15 0 0 60
 15 1780.95 1780.95 60
 15 3690.21 3690.21 60
 15 3702.35 3702.35 60
 15 3723.01 3723.01 60
 15 3744.85 3744.85 60
 15 3764.46 3764.46 60
 15 3834.18 3834.18 60
 15 3878.61 3878.61 60
 15 3867.06 3878.61 60
 15 3814.13 3878.61 60
 15 3732.25 3878.61 60
 15 3639.39 3878.61 60
 15 3545.75 3878.61 60
 15 3458 3878.61 60
 15 3376.89 3878.61 60
 15 3311.74 3878.61 60
 15 3221.68 3878.61 60
 15 3120.21 3878.61 60
 15 3015.6 3878.61 60
 15 2919.54 3878.61 60
 15 2834.94 3878.61 60
 15 2759.71 3878.61 60
 15 2693.8 3878.61 60
 15 2631.52 3878.61 60
 15 2582.66 3878.61 60
 15 2540.53 3878.61 60
 15 2512.07 3878.61 60
 15 2497.32 3878.61 60
 14 0 -1000 60
 14 0 0 60
 14 0 0 60
 14 3363.39 3363.39 60
 14 3398.78 3398.78 60
 14 3459.53 3459.53 60
 14 3531.44 3531.44 60
 14 3597.12 3597.12 60
 14 3652.14 3652.14 60
 14 3703.07 3703.07 60
 14 3721.69 3721.69 60
 14 3737.88 3737.88 60
 14 3710.94 3737.88 60
 14 3671.18 3737.88 60
 14 3626.17 3737.88 60
 14 3568.63 3737.88 60
 14 3491.83 3737.88 60
 14 3408.6 3737.88 60
 14 3330.87 3737.88 60
 14 3262.37 3737.88 60
 14 3193.39 3737.88 60
 14 3128.44 3737.88 60
 14 3074.5 3737.88 60
 14 3024.79 3737.88 60
 14 2986.4 3737.88 60
 14 2953.82 3737.88 60
 14 2930.5 3737.88 60
 14 2909 3737.88 60
 14 2891.22 3737.88 60
 14 2877.76 3737.88 60
 1 0 -1000 60
 1 0 0 60
 1 284.914 284.914 60
 1 3074.81 3074.81 60
 1 3122.04 3122.04 60
 1 3135.08 3135.08 60
 1 3154.01 3154.01 60
 1 3174.74 3174.74 60
 1 3194.53 3194.53 60
 1 3203.99 3203.99 60
 1 3255.92 3255.92 60
 1 3246.41 3255.92 60
 1 3202.04 3255.92 60
 1 3138.53 3255.92 60
 1 3065.68 3255.92 60
 1 2988.88 3255.92 60
 1 2914.69 3255.92 60
 1 2844.55 3255.92 60
 1 2751.09 3255.92 60
 1 2648.75 3255.92 60
 1 2546.77 3255.92 60
 1 2473.41 3255.92 60
 1 2387.08 3255.92 60
 1 2315.73 3255.92 60
 1 2246.77 3255.92 60
 1 2183.88 3255.92 60
 1 2132.2 3255.92 60
 1 2090.6 3255.92 60
 1 2059.43 3255.92 60
 1 2034.06 3255.92 60
 5 0 -1000 60
 5 0 0 60
 5 120.268 120.268 60
 5 3476.82 3476.82 60
 5 3479.59 3479.59 60
 5 3475.5 3479.59 60
 5 3463.85 3479.59 60
 5 3452.69 3479.59 60
 5 3426.57 3479.59 60
 5 3388.13 3479.59 60
 5 3337.27 3479.59 60
 5 3280.58 3479.59 60
 5 3251.19 3479.59 60
 5 3194.65 3479.59 60
 5 3118.42 3479.59 60
 5 3030.12 3479.59 60
 5 2936.17 3479.59 60
 5 2840.58 3479.59 60
 5 2756.06 3479.59 60
 5 2672.45 3479.59 60
 5 2588.82 3479.59 60
 5 2508.6 3479.59 60
 5 2457.42 3479.59 60
 5 2391.85 3479.59 60
 5 2336.87 3479.59 60
 5 2291.39 3479.59 60
 5 2257.04 3479.59 60
 5 2227.48 3479.59 60
 5 2202.89 3479.59 60
 5 2182.28 3479.59 60
 6 2502.45 -1000 60
 6 2494.59 2494.59 60
 6 2492.83 2494.59 60
 6 2491.82 2494.59 60
 6 2492.9 2494.59 60
 6 2492 2494.59 60
 6 2490.4 2494.59 60
 6 2488.69 2494.59 60
 6 2484.39 2494.59 60
 6 2481.36 2494.59 60
 6 2465.91 2494.59 60
 6 2509.43 2509.43 60
 6 2551.79 2551.79 60
 6 2574.52 2574.52 60
 6 2578.73 2578.73 60
 6 2570.18 2578.73 60
 6 2564.82 2578.73 60
 6 2545.25 2578.73 60
 6 2524.15 2578.73 60
 6 2505.84 2578.73 60
 6 2492.83 2578.73 60
 6 2486.66 2578.73 60
 6 2471.55 2578.73 60
 6 2459.46 2578.73 60
 6 2446.12 2578.73 60
 6 2437.95 2578.73 60
 6 2432.72 2578.73 60
 6 2422.02 2578.73 60
 6 2416.24 2578.73 60
 6 2522.37 2578.73 60
 14 0 -1000 60
 14 0 0 60
 14 0 0 60
 14 2474.92 2474.92 60
 14 2535.9 2535.9 60
 14 2675.56 2675.56 60
 14 2842.35 2842.35 60
 14 3012.39 3012.39 60
 14 3389.38 3389.38 60
 14 3655.17 3655.17 60
 14 3823.53 3823.53 60
 14 3907.39 3907.39 60
 14 3920.38 3920.38 60
 14 3883.36 3920.38 60
 14 3821.04 3920.38 60
 14 3742.11 3920.38 60
 14 3639.48 3920.38 60
 14 3522.91 3920.38 60
 14 3398.91 3920.38 60
 14 3283.9 3920.38 60
 14 3180.06 3920.38 60
 14 3083.37 3920.38 60
 14 2998.17 3920.38 60
 14 2929.28 3920.38 60
 14 2873.07 3920.38 60
 14 2827.13 3920.38 60
 14 2791.49 3920.38 60
 14 2762.73 3920.38 60
 14 2738.73 3920.38 60
 14 2726.08 3920.38 60
 15 0 -1000 70
 15 0 0 70
 15 172.96 172.96 70
 15 3257.7 3257.7 70
 15 3672.21 3672.21 70
 15 3684.39 3684.39 70
 15 3702.07 3702.07 70
 15 3721.87 3721.87 70
 15 3734.92 3734.92 70
 15 3748.25 3748.25 70
 15 3753.88 3753.88 70
 15 3749.48 3753.88 70
 15 3739.55 3753.88 70
 15 3774.51 3774.51 70
 15 3732.59 3774.51 70
 15 3657.07 3774.51 70
 15 3560.79 3774.51 70
 15 3456.77 3774.51 70
 15 3351.24 3774.51 70
 15 3264.16 3774.51 70
 15 3183.47 3774.51 70
 15 3116.9 3774.51 70
 15 3045.81 3774.51 70
 15 2970.76 3774.51 70
 15 2899.29 3774.51 70
 15 2829.2 3774.51 70
 15 2768.17 3774.51 70
 15 2715.37 3774.51 70
 15 2674.55 3774.51 70
 15 2636.94 3774.51 70
 5 0 -1000 70
 5 346.174 346.174 70
 5 2492.85 2492.85 70
 5 2553.58 2553.58 70
 5 2659.33 2659.33 70
 5 2785.41 2785.41 70
 5 2908.29 2908.29 70
 5 3021.84 3021.84 70
 5 3106.89 3106.89 70
 5 3162.96 3162.96 70
 5 3202.74 3202.74 70
 5 3214.4 3214.4 70
 5 3203.99 3214.4 70
 5 3175.59 3214.4 70
 5 3134.88 3214.4 70
 5 3074.09 3214.4 70
 5 3008.03 3214.4 70
 5 2962.97 3214.4 70
 5 2878.89 3214.4 70
 5 2792.45 3214.4 70
 5 2767.31 3214.4 70
 5 2722.47 3214.4 70
 5 2671.14 3214.4 70
 5 2619.62 3214.4 70
 5 2565.16 3214.4 70
 5 2514.47 3214.4 70
 5 2490.82 3214.4 70
 5 2502.04 3214.4 70
 5 2512.41 3214.4 70
 5 2504.59 3214.4 70
 1 0 -1000 70
 1 235.775 235.775 70
 1 3233.05 3233.05 70
 1 3656.62 3656.62 70
 1 3665.52 3665.52 70
 1 3675.58 3675.58 70
 1 3685.16 3685.16 70
 1 3694.48 3694.48 70
 1 3699.03 3699.03 70
 1 3692.97 3699.03 70
 1 3660.23 3699.03 70
 1 3609.65 3699.03 70
 1 3549.49 3699.03 70
 1 3526.09 3699.03 70
 1 3597.57 3699.03 70
 1 3598.8 3699.03 70
 1 3544.71 3699.03 70
 1 3455.65 3699.03 70
 1 3347.59 3699.03 70
 1 3236.38 3699.03 70
 1 3110.78 3699.03 70
 1 2983.01 3699.03 70
 1 2862.28 3699.03 70
 1 2816.6 3699.03 70
 1 2759.06 3699.03 70
 1 2699.19 3699.03 70
 1 2642.92 3699.03 70
 1 2582.88 3699.03 70
 1 2529.74 3699.03 70
 1 2494.44 3699.03 70
 14 0 -1000 70
 14 0 0 70
 14 1224.47 1224.47 70
 14 4598.41 4598.41 70
 14 4610.54 4610.54 70
 14 4631.66 4631.66 70
 14 4648.99 4648.99 70
 14 4669.65 4669.65 70
 14 4679.83 4679.83 70
 14 4670.5 4679.83 70
 14 4653.4 4679.83 70
 14 4613.78 4679.83 70
 14 4566.85 4679.83 70
 14 4512.74 4679.83 70
 14 4443.93 4679.83 70
 14 4378.05 4679.83 70
 14 4310.32 4679.83 70
 14 4229.18 4679.83 70
 14 4135.64 4679.83 70
 14 4045.73 4679.83 70
 14 4054.2 4679.83 70
 14 4025.93 4679.83 70
 14 3975.12 4679.83 70
 14 3907.91 4679.83 70
 14 3831.58 4679.83 70
 14 3754.66 4679.83 70
 14 3678.5 4679.83 70
 14 3611.61 4679.83 70
 14 3548.91 4679.83 70
 14 3492.07 4679.83 70
 6 1746.04 -1000 70
 6 4081.92 4081.92 70
 6 4114.2 4114.2 70
 6 4147.49 4147.49 70
 6 4192.52 4192.52 70
 6 4490.33 4490.33 70
 6 4684.62 4684.62 70
 6 4782.51 4782.51 70
 6 4793.82 4793.82 70
 6 4704.63 4793.82 70
 6 4663.81 4793.82 70
 6 4579.27 4793.82 70
 6 4475.68 4793.82 70
 6 4362.04 4793.82 70
 6 4246.13 4793.82 70
 6 4101.59 4793.82 70
 6 3944.05 4793.82 70
 6 3785.05 4793.82 70
 6 3641.88 4793.82 70
 6 3512.5 4793.82 70
 6 3400.52 4793.82 70
 6 3299.88 4793.82 70
 6 3205.43 4793.82 70
 6 3121.2 4793.82 70
 6 3049.03 4793.82 70
 6 2992.18 4793.82 70
 6 2949.01 4793.82 70
 6 2909.9 4793.82 70
 6 2887.51 4793.82 70
 6 2869.41 4793.82 70
 5 3477.49 -1000 70
 5 3476.5 3476.5 70
 5 3476.15 3476.5 70
 5 3467.85 3476.5 70
 5 3447.26 3476.5 70
 5 3404.87 3476.5 70
 5 3353.64 3476.5 70
 5 3290.32 3476.5 70
 5 3218.37 3476.5 70
 5 3147.17 3476.5 70
 5 3071.49 3476.5 70
 5 2995.82 3476.5 70
 5 2914.74 3476.5 70
 5 2850.85 3476.5 70
 5 2771.56 3476.5 70
 5 2696.47 3476.5 70
 5 2632.96 3476.5 70
 5 2571.46 3476.5 70
 5 2513.19 3476.5 70
 5 2488.59 3476.5 70
 5 2454.01 3476.5 70
 5 2422.84 3476.5 70
 5 2395.26 3476.5 70
 5 2373.81 3476.5 70
 5 2361.22 3476.5 70
 5 2351.4 3476.5 70
 5 2341.92 3476.5 70
 5 2330.17 3476.5 70
 5 2325.69 3476.5 70
 5 2386.29 3476.5 70
 15 0 -1000 80
 15 2628.29 2628.29 80
 15 5039.3 5039.3 80
 15 5066.67 5066.67 80
 15 5104.9 5104.9 80
 15 5150.65 5150.65 80
 15 5198.35 5198.35 80
 15 5235.97 5235.97 80
 15 5267.67 5267.67 80
 15 5287.62 5287.62 80
 15 5291.94 5291.94 80
 15 5321.7 5321.7 80
 15 5289.14 5321.7 80
 15 5213.64 5321.7 80
 15 5111.72 5321.7 80
 15 4998.45 5321.7 80
 15 4885.81 5321.7 80
 15 4781.62 5321.7 80
 15 4693.46 5321.7 80
 15 4617.91 5321.7 80
 15 4535.63 5321.7 80
 15 4421.57 5321.7 80
 15 4297.22 5321.7 80
 15 4168.51 5321.7 80
 15 4046.66 5321.7 80
 15 3937.35 5321.7 80
 15 3852 5321.7 80
 15 3777.23 5321.7 80
 15 3713.38 5321.7 80
 15 3657.54 5321.7 80
 14 0 -1000 80
 14 1974.41 1974.41 80
 14 5242.89 5242.89 80
 14 5261.34 5261.34 80
 14 5282.21 5282.21 80
 14 5305.34 5305.34 80
 14 5323.68 5323.68 80
 14 5338.82 5338.82 80
 14 5342.32 5342.32 80
 14 5324.7 5342.32 80
 14 5278.89 5342.32 80
 14 5222.7 5342.32 80
 14 5145.84 5342.32 80
 14 5061.53 5342.32 80
 14 4972.5 5342.32 80
 14 4886.6 5342.32 80
 14 4805.68 5342.32 80
 14 4710.46 5342.32 80
 14 4603.46 5342.32 80
 14 4497.76 5342.32 80
 14 4394.54 5342.32 80
 14 4297.97 5342.32 80
 14 4212.43 5342.32 80
 14 4136.56 5342.32 80
 14 4176.68 5342.32 80
 14 4181.48 5342.32 80
 14 4167.12 5342.32 80
 14 4136.49 5342.32 80
 14 4094.62 5342.32 80
 14 4048.38 5342.32 80
 1 0 -1000 80
 1 0 0 80
 1 1176.16 1176.16 80
 1 3917.05 3917.05 80
 1 3932.61 3932.61 80
 1 3958.8 3958.8 80
 1 3986.7 3986.7 80
 1 4016.49 4016.49 80
 1 4041.38 4041.38 80
 1 4062.59 4062.59 80
 1 4078.31 4078.31 80
 1 4085 4085 80
 1 4050.37 4085 80
 1 3995.5 4085 80
 1 3924.66 4085 80
 1 3842.22 4085 80
 1 3816.47 4085 80
 1 3762.68 4085 80
 1 3705.24 4085 80
 1 3642.69 4085 80
 1 3548.63 4085 80
 1 3439.03 4085 80
 1 3327.13 4085 80
 1 3221.66 4085 80
 1 3127.3 4085 80
 1 3049.73 4085 80
 1 2978.79 4085 80
 1 2915.11 4085 80
 1 2856.76 4085 80
 1 2813.02 4085 80
 5 0 -1000 80
 5 0 0 80
 5 0 0 80
 5 2255.16 2255.16 80
 5 3889.98 3889.98 80
 5 3896.08 3896.08 80
 5 3909.53 3909.53 80
 5 3920.45 3920.45 80
 5 3927.25 3927.25 80
 5 3923.92 3927.25 80
 5 3898.86 3927.25 80
 5 3858.85 3927.25 80
 5 3801.14 3927.25 80
 5 3736.89 3927.25 80
 5 3665.82 3927.25 80
 5 3588.67 3927.25 80
 5 3511.79 3927.25 80
 5 3428.64 3927.25 80
 5 3343.26 3927.25 80
 5 3257.6 3927.25 80
 5 3264.71 3927.25 80
 5 3212.93 3927.25 80
 5 3160.8 3927.25 80
 5 3098.27 3927.25 80
 5 3030.35 3927.25 80
 5 2958.71 3927.25 80
 5 2893.07 3927.25 80
 5 2837.82 3927.25 80
 5 2785.98 3927.25 80
 5 2743.63 3927.25 80
 6 0 -1000 80
 6 0 0 80
 6 1199.01 1199.01 80
 6 4628.47 4628.47 80
 6 4660.49 4660.49 80
 6 4708.81 4708.81 80
 6 4762.14 4762.14 80
 6 4821.26 4821.26 80
 6 4872.11 4872.11 80
 6 4916.92 4916.92 80
 6 4933.84 4933.84 80
 6 4919.16 4933.84 80
 6 4875.05 4933.84 80
 6 4815.41 4933.84 80
 6 4718 4933.84 80
 6 4602.7 4933.84 80
 6 4501.13 4933.84 80
 6 4422.7 4933.84 80
 6 4359.77 4933.84 80
 6 4275.11 4933.84 80
 6 4175.46 4933.84 80
 6 4073.75 4933.84 80
 6 3973.13 4933.84 80
 6 3883.9 4933.84 80
 6 3806.84 4933.84 80
 6 3744.62 4933.84 80
 6 3694.02 4933.84 80
 6 3641.22 4933.84 80
 6 3587.63 4933.84 80
 6 3529.7 4933.84 80
 14 5208.74 -1000 80
 14 5232.27 5232.27 80
 14 5255.33 5255.33 80
 14 5272.12 5272.12 80
 14 5276.41 5276.41 80
 14 5268.4 5276.41 80
 14 5244.81 5276.41 80
 14 5195.19 5276.41 80
 14 5133.65 5276.41 80
 14 5060.22 5276.41 80
 14 5075.23 5276.41 80
 14 5076.96 5276.41 80
 14 5175.34 5276.41 80
 14 5179.26 5276.41 80
 14 5119.45 5276.41 80
 14 5023.24 5276.41 80
 14 4901.69 5276.41 80
 14 4760.31 5276.41 80
 14 4607.87 5276.41 80
 14 4456.13 5276.41 80
 14 4313.96 5276.41 80
 14 4185.81 5276.41 80
 14 4069.78 5276.41 80
 14 3971.46 5276.41 80
 14 3884.98 5276.41 80
 14 3813.74 5276.41 80
 14 3754.72 5276.41 80
 14 3717.22 5276.41 80
 14 3691.92 5276.41 80
 14 3672.22 5276.41 80
 15 0 -1000 90
 15 0 0 90
 15 986.349 986.349 90
 15 5281.93 5281.93 90
 15 5309.85 5309.85 90
 15 5358.4 5358.4 90
 15 5414.1 5414.1 90
 15 5471.46 5471.46 90
 15 5521.37 5521.37 90
 15 5566.35 5566.35 90
 15 5603.28 5603.28 90
 15 5626.99 5626.99 90
 15 5638.34 5638.34 90
 15 5638.89 5638.89 90
 15 5684.64 5684.64 90
 15 5625.08 5684.64 90
 15 5525.68 5684.64 90
 15 5402.73 5684.64 90
 15 5272.98 5684.64 90
 15 5145.1 5684.64 90
 15 5028 5684.64 90
 15 4929 5684.64 90
 15 4843.39 5684.64 90
 15 4760.55 5684.64 90
 15 4651.78 5684.64 90
 15 4531.16 5684.64 90
 15 4412.49 5684.64 90
 15 4299.02 5684.64 90
 15 4199.97 5684.64 90
 15 4111.5 5684.64 90
 5 0 -1000 90
 5 243.001 243.001 90
 5 3376.6 3376.6 90
 5 3429.33 3429.33 90
 5 3515.11 3515.11 90
 5 3616.92 3616.92 90
 5 3719.76 3719.76 90
 5 3819.12 3819.12 90
 5 3899.74 3899.74 90
 5 3965.64 3965.64 90
 5 4001.42 4001.42 90
 5 4005.13 4005.13 90
 5 3986.26 4005.13 90
 5 3948.62 4005.13 90
 5 3900.41 4005.13 90
 5 3839.18 4005.13 90
 5 3764.22 4005.13 90
 5 3683.45 4005.13 90
 5 3598.13 4005.13 90
 5 3513.19 4005.13 90
 5 3432.39 4005.13 90
 5 3344.44 4005.13 90
 5 3266.44 4005.13 90
 5 3234.83 4005.13 90
 5 3186.13 4005.13 90
 5 3140.31 4005.13 90
 5 3098.1 4005.13 90
 5 3060.25 4005.13 90
 5 3035.12 4005.13 90
 5 3009.16 4005.13 90
 1 0 -1000 90
 1 193.68 193.68 90
 1 3822.44 3822.44 90
 1 4704.99 4704.99 90
 1 4703.82 4704.99 90
 1 4704.77 4704.99 90
 1 4703.19 4704.99 90
 1 4702.32 4704.99 90
 1 4694.69 4704.99 90
 1 4682.08 4704.99 90
 1 4927.31 4927.31 90
 1 5258.44 5258.44 90
 1 5398.4 5398.4 90
 1 5398.55 5398.55 90
 1 5304.22 5398.55 90
 1 5144.45 5398.55 90
 1 4950.03 5398.55 90
 1 4696.91 5398.55 90
 1 4473.75 5398.55 90
 1 4258.31 5398.55 90
 1 4043.97 5398.55 90
 1 3920.51 5398.55 90
 1 3796.22 5398.55 90
 1 3672.37 5398.55 90
 1 3561.97 5398.55 90
 1 3456.31 5398.55 90
 1 3455.04 5398.55 90
 1 3522.34 5398.55 90
 1 3530.25 5398.55 90
 1 3504.36 5398.55 90
 14 116.29 -1000 90
 14 118.535 118.535 90
 14 2253.75 2253.75 90
 14 5787.26 5787.26 90
 14 5788.64 5788.64 90
 14 5787.1 5788.64 90
 14 6113.71 6113.71 90
 14 6304.51 6304.51 90
 14 6382.23 6382.23 90
 14 6367.99 6382.23 90
 14 6281.18 6382.23 90
 14 6150.79 6382.23 90
 14 5997.42 6382.23 90
 14 5828.01 6382.23 90
 14 5656.6 6382.23 90
 14 5579.03 6382.23 90
 14 5476.71 6382.23 90
 14 5348.86 6382.23 90
 14 5354.7 6382.23 90
 14 5307.56 6382.23 90
 14 5217.73 6382.23 90
 14 5104.49 6382.23 90
 14 4966.84 6382.23 90
 14 4820.48 6382.23 90
 14 4675.19 6382.23 90
 14 4541.07 6382.23 90
 14 4419.88 6382.23 90
 14 4315.36 6382.23 90
 14 4233.48 6382.23 90
 14 4159.84 6382.23 90
 6 0 -1000 90
 6 0 0 90
 6 1901.1 1901.1 90
 6 5105.63 5105.63 90
 6 5125.73 5125.73 90
 6 5156.77 5156.77 90
 6 5195.54 5195.54 90
 6 5235.38 5235.38 90
 6 5272.66 5272.66 90
 6 5304.18 5304.18 90
 6 5329.48 5329.48 90
 6 5341.79 5341.79 90
 6 5349.08 5349.08 90
 6 5329.57 5349.08 90
 6 5261.94 5349.08 90
 6 5243.8 5349.08 90
 6 5156.24 5349.08 90
 6 5046.58 5349.08 90
 6 4933.49 5349.08 90
 6 4823.25 5349.08 90
 6 4722.55 5349.08 90
 6 4634.61 5349.08 90
 6 4561.13 5349.08 90
 6 4495.75 5349.08 90
 6 4403.91 5349.08 90
 6 4303.28 5349.08 90
 6 4202.45 5349.08 90
 6 4106.71 5349.08 90
 6 4023.05 5349.08 90
 6 3952.63 5349.08 90
 5 118.918 -1000 90
 5 207.776 207.776 90
 5 2342.82 2342.82 90
 5 4203.19 4203.19 90
 5 4199.04 4203.19 90
 5 4202.11 4203.19 90
 5 4201.27 4203.19 90
 5 4194.67 4203.19 90
 5 4180.69 4203.19 90
 5 4144.63 4203.19 90
 5 4097.34 4203.19 90
 5 4036.91 4203.19 90
 5 3967.87 4203.19 90
 5 3896.9 4203.19 90
 5 3823.7 4203.19 90
 5 3744.47 4203.19 90
 5 3653.34 4203.19 90
 5 3556.55 4203.19 90
 5 3469.25 4203.19 90
 5 3379.99 4203.19 90
 5 3295.94 4203.19 90
 5 3205.84 4203.19 90
 5 3121.92 4203.19 90
 5 3039.57 4203.19 90
 5 2982.63 4203.19 90
 5 2924.37 4203.19 90
 5 2873.05 4203.19 90
 5 2829.4 4203.19 90
 5 2794.5 4203.19 90
 5 2762.84 4203.19 90
