 14 1221.06
 14 3145.77
 14 3645.88
 14 3659.51
 14 3672.88
 14 3705.97
 14 3763.31
 14 3827.11
 14 3907.4
 14 4005.65
 14 4114.22
 14 4222.49
 14 4347.16
 14 4469.21
 14 4587.48
 14 4718.11
 14 4848.99
 14 4958.69
 14 5078.88
 14 5198.27
 14 5295.56
 14 5745.09
 14 6041.9
 14 6239.98
 14 6370.83
 14 6410.61
 14 6410.06
 14 6397.18
 14 6341.16
 14 6630.94
 14 6758.13
 14 6782.07
 14 6750.18
 14 6645.7
 14 6494.96
 14 6349.45
 14 6178.05
 14 5985.92
 14 5825.73
 14 5665.16
 14 5490.3
 14 5337.61
 14 5191.99
 14 5035.31
 14 4893.98
 14 4760.05
 14 4617.38
 14 4479.05
 14 4346.76
 14 4209.78
 14 4070.29
 14 3937.5
 14 3796.69
 14 3371.66
 14 3158.29
 14 3068.16
 14 3141.19
 14 3122.49
 14 3051.59
 14 2947.84
 14 2826.88
 14 2684.69
 14 2365.17
 14 2088.58
 14 1868.51
 14 1713.77
 14 1602.89
 14 1537.32
 14 1505.84
 14 1507.36
 14 1537.07
 14 1582.12
 14 1641.37
 14 1704.51
 14 1781.05
 14 1858.83
 14 1933.23
 14 2008
 14 2077.54
 14 2279.03
 14 2429.3
 14 2502.09
 14 2574.13
 14 2613.42
 14 2633.65
 14 2780.19
 14 2569.93
 14 2569.98
 14 2523.17
 14 2474.58
 14 2391.32
 14 2308.71
 14 2234.85
 14 2173.19
 14 2127.66
 14 2094.99
 14 2080.61
 14 2071.02
 14 2068.88
 14 2081.74
 14 2090.57
 14 2103.65
 14 2121.28
 14 2136.05
 14 2155.36
 14 2169.21
 14 2179.45
 14 2172.91
 14 2152.71
 14 2134.68
 14 2112.36
 14 2097.08
 14 2080.47
 14 2069.17
 14 2060.26
 14 2053.56
 14 2047.54
 14 2040.59
 14 2035.49
 14 2028.56
 14 2023.66
 14 2021.91
 14 2016.48
 14 2012.71
 14 2007.89
 14 2002.26
 14 1999.33
 14 1994.33
 14 2105.05
 14 2171.83
 14 2203.19
 14 2320.18
 14 2378.11
 14 2055.04
 14 2049.13
 14 2148.6
 14 2312.93
 14 2399.34
 14 2426.75
 14 2408.6
 14 2364.81
 14 2303.67
 14 2234.85
 14 2164.89
 14 2095.74
 14 2032.99
 14 1660.28
 14 459.05
 14 0
 14 0
 14 112.346
 14 0
 14 202.297
 14 190.909
 14 314.171
 14 238.871
 14 251.749
 14 415.884
 14 693.706
 14 773.766
 14 895.535
 14 789.324
 14 534.917
 14 704.036
 14 500.366
 14 646.78
 14 722.333
 14 1142.03
 14 0
 14 0
 14 0
 14 0
 14 0
 14 0
 14 361.822
 14 207.567
 14 485.595
 14 510.859
 14 599.107
 14 553.123
 14 501.352
 14 504.149
 14 469.585
 14 407.294
 14 446.605
 14 476.59
 14 463.482
 14 473.325
 14 459.577
 14 511.883
 14 424.432
 14 487.146
 14 447.968
 14 510.525
 14 455.749
 14 448.051
 14 462.088
 14 352.799
 14 887.49
 14 378.14
 14 432.786
 14 403.273
 14 390.075
 14 404.219
 14 376.031
 14 375.603
 14 374.278
 14 374.456
 14 372.649
 14 373.109
 14 371.327
 14 367.111
 14 362.497
 14 359.212
 14 352.454
 14 346.519
 14 339.736
 14 332.589
 14 328.927
 14 325.227
 14 318.51
 14 313.095
 14 306.992
 14 301.383
 14 311.203
 14 261.912
 14 232.187
 14 208.545
 14 264.374
 14 243.551
 14 216.727
 14 185.013
 14 247.072
 14 212.249
 14 226.793
 14 198.098
 14 195.469
 14 198.163
 14 191.521
 14 164.354
 14 232.54
 14 256.498
 14 355.439
 14 703.5
 14 558.883
 14 494.127
 14 416.594
 14 399.185
 14 478.981
 14 977.963
 14 718.004
 14 1324.13
 14 1964.43
 14 595.224
 14 673.264
 14 1169.17
 14 585.703
 14 543.531
 14 600.29
 14 663.18
 14 1209.31
 14 608.867
 14 1243.29
 14 729.89
 14 1368.19
 14 714.004
 14 671.303
 14 755.754
 14 757.899
 14 1416.96
 14 657.019
 14 1334.1
 14 809.494
 14 759.289
 14 723.918
 14 695.981
 14 773.757
 14 780.34
 14 756.756
 14 724.148
 14 1644.75
 14 682.364
 14 735.367
 14 645.132
 14 2859.59
 14 3561.69
 14 664.491
 14 1225.9
 14 549.003
 14 543.672
 14 468.357
 14 487.755
 14 471.158
 14 471.182
 14 476.964
 14 595.35
 14 607.538
 14 0
 14 0
 14 0
 14 0
 14 0
 14 0
 14 0
 14 0
 14 0
 14 0
 14 0
 14 0
 14 0
 14 0
 14 0
 14 0
 14 0
 14 0
 14 0
 14 0
 14 0
 14 0
 14 445.713
 14 513.329
 14 682.941
 14 566.443
 14 703.383
 14 670.896
 14 462.583
 14 668.433
 14 599.675
 14 545.125
 14 580.904
 14 552.539
 14 596.547
 14 464.19
 14 441.991
 14 366.101
 14 333.685
 14 251.671
 14 169.07
 14 136.553
 14 157.199
 14 99.7264
 14 116.498
