 0 100.602
 0 2706.81
 0 2405.29
 0 5520.27
 0 5390.35
 0 5173.54
 0 4920.67
 0 4666.46
 0 4427.08
 0 4213.75
 0 4035.07
 0 3912.97
 0 3808.44
 0 3753.91
 0 3728.39
 0 3729.82
 0 3748.67
 0 3801
 0 3844.61
 0 3900.91
 0 4223.32
 0 4451
 0 4603.99
 0 3672.14
 0 2821.22
 0 3348.35
 0 4028.07
 0 4490.05
 0 4801.11
 0 4996.29
 0 5091.27
 0 5091.53
 0 5039.62
 0 4954.61
 0 4845.32
 0 4713.94
 0 4587.04
 0 4454.18
 0 4315.39
 0 4192.39
 0 4270.09
 0 4283.73
 0 4238.37
 0 4146.68
 0 4025.27
 0 3887.84
 0 3730.07
 0 3574.41
 0 3425.28
 0 3271.98
 0 2979.99
 0 2811.95
 0 2748.55
 0 2762.71
 0 2691.48
 0 2534.81
 0 2355.62
 0 2128.63
 0 1912.31
 0 1711.91
 0 1537.15
 0 1389.53
 0 1272.5
 0 1184.52
 0 815.084
 0 595.23
 0 487.614
 0 449.768
 0 439.152
 0 453.275
 0 494.592
 0 564.165
 0 654.691
 0 761.976
 0 878.729
 0 997.389
 0 1442.4
 0 1741.15
 0 1916.34
 0 1989.73
 0 1993.14
 0 1946.6
 0 1868.12
 0 1771.9
 0 1663.91
 0 1564.52
 0 1456.12
 0 1384.42
 0 1342.96
 0 1323.73
 0 1322.32
 0 1359.13
 0 1395.28
 0 1427.17
 0 1449.84
 0 1455.17
 0 1442.86
 0 1410.58
 0 1372.56
 0 1318.89
 0 1288.89
 0 1289.22
 0 1310.57
 0 1328.16
 0 1338.81
 0 1344.83
 0 1345.04
 0 1355.18
 0 1374.15
 0 1387.79
 0 1385.05
 0 1387.87
 0 1399.57
 0 1405.92
 0 1406.81
 0 1405.7
 0 1410.48
 0 1410.95
 0 1416.49
 0 1417.09
 0 1416.67
 0 1409.66
 0 1412.53
 0 1412.14
 0 1410.03
 0 1405.73
 0 1405.19
 0 1402.42
 0 1393.81
 0 1394.3
 0 1397.08
 0 1367.61
 0 1308.53
 0 1486.64
 0 1599.52
 0 1665.38
 0 1689.96
 0 1690.28
 0 1667.19
 0 1631.19
 0 1593.08
 0 1548.24
 0 1503.87
 0 1468
 0 1436.32
 0 1406.4
 0 1378.62
 0 1359.42
 0 1344.24
 0 1332.68
 0 1320
 0 1308.89
 0 1301.96
 0 1296.72
 0 1288.27
 0 1284.35
 0 1278.78
 0 1274.96
 0 1272.43
 0 1269.58
 0 1265.22
 0 1260.33
 0 1092.28
 0 1217.73
 0 1102.56
 0 401.557
 0 0
 0 0
 0 105.351
 0 193.563
 0 172.15
 0 0
 0 226.824
 0 196.694
 0 271.396
 0 589.098
 0 654.064
 0 648.326
 0 549.369
 0 571.522
 0 574.226
 0 622.852
 0 507.987
 0 617.852
 0 631.711
 0 573.621
 0 610.751
 0 602.273
 0 555.593
 0 587.456
 0 549.506
 0 540.615
 0 514.926
 0 524.862
 0 504.098
 0 459.698
 0 507.581
 0 481.122
 0 459.877
 0 400.533
 0 407.524
 0 424.143
 0 369.941
 0 422.06
 0 310.503
 0 358.829
 0 317.284
 0 336.138
 0 283.094
 0 247.816
 0 342.085
 0 591.727
 0 295.572
 0 351.725
 0 247.847
 0 267.93
 0 249.621
 0 276.564
 0 329.638
 0 304.059
 0 434.611
 0 477.022
 0 497.832
 0 543.303
 0 652.67
 0 653.467
 0 659.385
 0 666.51
 0 686.582
 0 711.662
 0 745.45
 0 782.282
 0 830.123
 0 881.857
 0 933.654
 0 989.869
 0 1046.5
 0 1103.5
 0 1158.64
 0 1209.6
 0 1256.73
 0 1301.28
 0 1341.8
 0 1378.84
 0 1416.04
 0 1444.01
 0 1472.67
 0 1497.44
 0 1518.08
 0 1540.83
 0 1557.22
 0 1570.75
 0 1582.48
 0 1590.97
 0 1597.38
 0 1602.45
 0 1604.2
 0 1604.16
 0 1598.33
 0 1593.76
 0 1586.73
 0 1575.88
 0 1566.55
 0 1461.37
 0 1507.27
 0 1396.64
 0 1469.82
 0 1420.66
 0 1359.76
 0 1460.99
 0 2591.56
 0 1308.04
 0 1292.63
 0 1356.29
 0 1175.29
 0 1243.48
 0 1239.3
 0 1180.85
 0 1215.96
 0 1120.79
 0 1102.88
 0 1117.93
 0 1056.12
 0 1026.57
 0 1031.81
 0 999.057
 0 901.479
 0 986.055
 0 909.218
 0 869.513
 0 940.658
 0 844.297
 0 785.932
 0 911.219
 0 817.197
 0 811.921
 0 736.994
 0 779.152
 0 760.635
 0 572.978
 0 498.378
 0 374.978
 0 373.681
 0 480.211
 0 455.265
 0 364.507
 0 473.964
 0 395.584
 0 372.637
 0 459.899
 0 355.691
 0 222.574
 0 379.247
 0 217.339
 0 303.298
 0 390.296
 0 329.28
 0 328.092
 0 401.543
 0 458.552
 0 362.603
 0 423.045
 0 562.015
 0 432.884
 0 539.348
 0 561.829
 0 465.037
 0 427.129
 0 407.66
 0 308.632
 0 251.488
 0 263.598
 0 178.154
 0 148.674
