 0 1139.73 1 -1 80 -2704.97 -1537.43 -2799.19 -1598.08
 0 2776.73 1 -1 80 -2668.13 -1530.96 -2799.38 -1600.57
 0 3280.45 1 -1 80 -2581.47 -1509.44 -2799.94 -1608.44
 0 3291.97 1 -1 80 -2537.09 -1497.49 -2800.02 -1611.74
 0 3309.13 1 -1 80 -2492.54 -1484.36 -2799.77 -1615.2
 0 0 -1 80 80 -2699.85 -1575.28 -2795.69 -1602.19
 0 0 -1 80 80 -2700.35 -1575.05 -2795.72 -1603.12
 0 1085.98 -1 80 80 -2686.22 -1571.51 -2795.55 -1604.63
 0 2531.25 -1 80 80 -2652.41 -1566.81 -2795.79 -1606.9
 0 3277.94 -1 80 80 -2609.11 -1558.46 -2796.2 -1610.37
 0 3275.16 -1 80 80 -2566.57 -1549.56 -2796.43 -1613.53
 0 3278.46 -1 80 80 -2522.53 -1539.02 -2796.55 -1616.82
 0 3281.55 -1 80 80 -2479.27 -1529.53 -2796.63 -1619.98
 0 3312.6 -1 80 80 -2430.5 -1514.75 -2796.77 -1623.59
 0 3348.62 -1 80 80 -2383.99 -1503.15 -2796.74 -1627.06
 0 3406.97 -1 80 80 -2333.28 -1488.34 -2796.92 -1630.83
 0 3458.02 -1 80 80 -2286.92 -1474.34 -2797.29 -1635.18
 0 3519.8 -1 80 80 -2236.57 -1458.83 -2798.03 -1640.11
 0 3599.15 -1 80 80 -2183.56 -1441.11 -2798.94 -1645.82
 0 3654.86 -1 80 80 -2137.31 -1425.71 -2800.01 -1652.32
 0 3742.25 -1 80 80 -2080.54 -1404.83 -2801.36 -1659.81
 0 3818.51 -1 80 80 -2030.1 -1385.05 -2802.39 -1666.52
 0 3900.17 -1 80 80 -1975.75 -1364.64 -2803.75 -1672.36
 0 3982.37 -1 80 80 -1921.58 -1342.61 -2805.38 -1679
 0 4050.28 -1 80 80 -1869.77 -1320.78 -2806.98 -1684.76
 0 4113.8 -1 80 80 -1816.11 -1297.95 -2808.92 -1691.25
 0 4445.4 -1 80 80 -1705.9 -1247.31 -2811.41 -1702.63
 0 4654.62 -1 80 80 -1655.69 -1222.92 -2813.53 -1712.34
 0 4794.23 -1 80 80 -1600.38 -1195.39 -2815.56 -1721.45
 0 4883.64 -1 80 80 -1543.89 -1167.57 -2817.14 -1730.86
 0 4658.25 -1 80 80 -1543.89 -1167.57 -2815.64 -1724.15
 0 4750.95 -1 80 80 -1438.69 -1112.17 -2817.22 -1735.32
 0 4792.72 -1 80 80 -1387.31 -1083.43 -2818.47 -1746.7
 0 4826.94 -1 80 80 -1330.14 -1051.24 -2819.54 -1756.33
 0 4808.56 -1 80 80 -1283.45 -1021.44 -2819.95 -1764.49
 0 4779.95 -1 80 80 -1231.39 -990.04 -2820.12 -1771.07
 0 4738.35 -1 80 80 -1180.87 -959.547 -2820 -1776.65
 0 4689.27 -1 80 80 -1131.31 -927.851 -2819.97 -1781.52
 0 4640.2 -1 80 80 -1082.52 -893.861 -2819.48 -1786.22
 0 4564.85 -1 80 80 -1038.38 -865.277 -2818.58 -1790.9
 0 4508.85 -1 80 80 -989.853 -829.453 -2817.51 -1795.29
 0 4436.64 -1 80 80 -948.112 -797.071 -2816.18 -1799.15
 0 4367.89 -1 80 80 -902.534 -766.413 -2814.33 -1802.54
 0 4284.71 -1 80 80 -863.067 -735.084 -2812.48 -1804.62
 0 4426.95 -1 80 80 -783.631 -669.176 -2810.14 -1805.94
 0 4479.29 -1 80 80 -745.27 -638.563 -2807.94 -1806.45
 0 4481.58 -1 80 80 -705.858 -603.848 -2806.19 -1805.89
 0 4412.13 -1 80 80 -674.815 -572.41 -2804.96 -1804.59
 0 4312.86 -1 80 80 -639.351 -541.221 -2804.13 -1802.85
 0 4189.74 -1 80 80 -606.866 -509.748 -2803.59 -1801.28
 0 4046.09 -1 80 80 -576.368 -480.056 -2803.32 -1799.67
 0 3895.01 -1 80 80 -547.387 -449.311 -2803.32 -1797.94
 0 3916.01 -1 80 80 -493.559 -388.872 -2803.41 -1796.43
 0 3856.97 -1 80 80 -471.407 -360.538 -2803.63 -1795.25
 0 3280.65 -1 80 80 -585.871 -352.778 -2803.87 -1794.44
 0 3061.83 -1 80 80 -525.215 -304.001 -2804 -1793.7
 0 3034.29 -1 80 80 -465.443 -263.596 -2804.29 -1793.3
 0 3044.54 -1 80 80 -418.831 -237.195 -2804.66 -1792.77
 0 3226.1 -1 80 80 -338.546 -195.561 -2804.94 -1792.87
 0 3302.13 -1 80 80 -321.159 -170.359 -2805.21 -1792.51
 0 3135.6 -1 80 80 -325.635 -174.747 -2805.43 -1792.53
 0 2961.69 -1 80 80 -303.082 -157.517 -2805.63 -1792.65
 0 2744.2 -1 80 80 -287.434 -149.312 -2805.67 -1792.81
 0 2514.05 -1 80 80 -271.283 -140.518 -2805.73 -1793.07
 0 2360.52 -1 80 80 -243.431 -128.27 -2805.88 -1793.02
 0 2191.15 -1 80 80 -225.473 -119.699 -2805.77 -1793.12
 0 2030.92 -1 80 80 -209.084 -111.126 -2805.87 -1793.45
 0 1888.34 -1 80 80 -192.46 -101.95 -2805.77 -1793.58
 0 1769.03 -1 80 80 -174.878 -92.8533 -2805.82 -1793.63
 0 1672.92 -1 80 80 -157.138 -83.6818 -2805.77 -1793.77
 0 1594.89 -1 80 80 -140.089 -74.6292 -2805.64 -1793.74
 0 1536.13 -1 80 80 -122.415 -65.3762 -2805.73 -1793.72
 0 1494.71 -1 80 80 -104.27 -56.5321 -2805.79 -1793.73
 0 1467.78 -1 80 80 -86.3111 -47.0741 -2805.63 -1793.92
 0 1451.2 -1 80 80 -68.7049 -37.3927 -2805.58 -1794.16
 0 1443.32 -1 80 80 -50.8182 -27.9177 -2805.48 -1794.19
 0 1440.65 -1 80 80 -33.0912 -18.7465 -2805.51 -1794.3
 0 1443.84 -1 80 80 -14.9616 -9.27675 -2805.43 -1794.41
 0 1475.16 -1 80 80 7.77574 3.40479 -2805.41 -1794.44
 0 1442.8 -1 80 80 15.4459 4.77148 -2805.37 -1794.4
 0 1447.62 -1 80 80 37.6765 17.2774 -2805.34 -1794.37
 0 1452.87 -1 80 80 55.1526 26.6846 -2805.32 -1794.43
 0 1453.97 -1 80 80 71.8831 35.47 -2805.3 -1794.44
 0 1454.47 -1 80 80 89.0569 44.5352 -2805.26 -1794.46
 0 1452.38 -1 80 80 106.026 52.9185 -2805.25 -1794.41
 0 1444.3 -1 80 80 121.949 61.1725 -2805.08 -1794.4
 0 1437.19 -1 80 80 138.713 70.0826 -2805.08 -1794.6
 0 1421.46 -1 80 80 153.521 77.9452 -2804.99 -1794.59
 0 1386.48 -1 80 80 164.755 85.5901 -2804.93 -1794.72
 0 1432.73 -1 80 80 196.764 99.0252 -2804.91 -1794.77
 0 1375.2 -1 80 80 194.988 99.9426 -2804.76 -1794.78
 0 1396.26 -1 80 80 225.994 110.036 -2804.64 -1794.74
 0 1450.65 -1 80 80 252.646 118.792 -2804.55 -1794.71
 0 1521.62 -1 80 80 278.331 127.727 -2804.47 -1794.88
 0 1592.03 -1 80 80 302.424 135.782 -2804.36 -1794.94
 0 1654.7 -1 80 80 324.876 145.842 -2804.33 -1795
 0 1696.74 -1 80 80 345.12 154.401 -2804.2 -1795.03
 0 1722.59 -1 80 80 365.49 162.893 -2804.22 -1795.09
 0 1732.23 -1 80 80 384.818 171.757 -2804.16 -1795.19
 0 1714 -1 80 80 400.747 179.122 -2804.06 -1795.22
 0 1685.87 -1 80 80 418.186 187.615 -2803.83 -1795.23
 0 1634.14 -1 80 80 430.98 196.238 -2803.62 -1795.19
 0 1566.1 -1 80 80 443.745 202.871 -2803.5 -1795.17
 0 1562.6 -1 80 80 470.448 218.4 -2803.28 -1795.17
 0 1581.84 -1 80 80 494.772 227.282 -2803.29 -1795.31
 0 1611.63 -1 80 80 518.154 236.262 -2803.26 -1795.46
 0 1641.48 -1 80 80 539.587 246.528 -2803.13 -1795.56
 0 1659.61 -1 80 80 560.067 253.401 -2803.04 -1795.75
 0 1672.76 -1 80 80 580.303 263.001 -2803.16 -1795.8
 0 1670.08 -1 80 80 598.245 271.212 -2803.14 -1795.94
 0 1648.08 -1 80 80 613.953 279.555 -2803.05 -1796.18
 0 1618.86 -1 80 80 630.991 287.536 -2802.93 -1796.16
 0 1606.12 -1 80 80 652.45 296.668 -2802.87 -1796.25
 0 1605.81 -1 80 80 674.199 305.41 -2802.72 -1796.43
 0 1614.33 -1 80 80 695.906 314.421 -2802.4 -1796.42
 0 1603.73 -1 80 80 712.007 322.176 -2802.39 -1796.54
 0 1551.34 -1 80 80 721.237 328.861 -2802.39 -1796.4
 0 1689.29 -1 80 80 781.589 341.642 -2802.49 -1796.32
 0 1778.16 -1 80 80 801.095 350.136 -2802.47 -1796.36
 0 1825.56 -1 80 80 820.167 358.29 -2802.41 -1796.45
 0 1842.7 -1 80 80 839.494 366.412 -2802.54 -1796.42
 0 1849.59 -1 80 80 861.123 375.829 -2802.39 -1796.45
 0 1839.22 -1 80 80 881.147 383.13 -2802.51 -1796.46
 0 1816.79 -1 80 80 900.36 391.982 -2802.55 -1796.52
 0 1789.82 -1 80 80 920.418 400.119 -2802.47 -1796.67
 0 1761.02 -1 80 80 940.299 408.517 -2802.48 -1796.74
 0 1733.47 -1 80 80 960.383 416.897 -2802.36 -1796.8
 0 1708.6 -1 80 80 980.492 425.342 -2802.33 -1796.88
 0 1682.36 -1 80 80 999.796 432.935 -2802.35 -1796.89
 0 1658.85 -1 80 80 1019.38 441.148 -2802.24 -1796.87
 0 1642.45 -1 80 80 1039.62 450.105 -2802.16 -1796.93
 0 1626.37 -1 80 80 1059.15 457.475 -2801.95 -1797
 0 1611.47 -1 80 80 1078.52 465.262 -2801.87 -1797.1
 0 1598.72 -1 80 80 1097.82 473.488 -2801.86 -1797.14
 0 1591.04 -1 80 80 1117.8 481.793 -2801.76 -1797.19
 0 1580.45 -1 80 80 1136.28 489.66 -2801.79 -1797.34
 0 1573.38 -1 80 80 1156 497.43 -2801.83 -1797.18
 0 1574.31 -1 80 80 1176.28 506.959 -2801.75 -1797.17
 0 1571.34 -1 80 80 1195.29 514.006 -2801.8 -1797.27
 0 1566.8 -1 80 80 1214.37 521.445 -2801.67 -1797.32
 0 1566.06 -1 80 80 1234.26 529.638 -2801.61 -1797.43
 0 1561.65 -1 80 80 1252.55 537.959 -2801.43 -1797.49
 0 1554.57 -1 80 80 1271.13 545.323 -2801.41 -1797.65
 0 1554.75 -1 80 80 1291.45 553.658 -2801.42 -1797.8
 0 1551.87 -1 80 80 1310.19 561.025 -2801.4 -1797.65
 0 1546.31 -1 80 80 1328.61 568.729 -2801.31 -1797.67
 0 1542.4 -1 80 80 1347.82 576.372 -2801.35 -1797.66
 0 1535.03 -1 80 80 1365.67 584.461 -2801.28 -1797.62
 0 1528.95 -1 80 80 1384.43 592.249 -2801.29 -1797.73
 0 1524.41 -1 80 80 1403.13 600.385 -2801.26 -1797.74
 0 1521.46 -1 80 80 1422 608.261 -2801.13 -1797.73
 0 1514.47 -1 80 80 1439.96 615.184 -2801.08 -1797.7
 0 1596.42 -1 80 80 1477.03 630.448 -2801.07 -1797.87
 0 1645.84 -1 80 80 1495.17 638.683 -2800.95 -1798
 0 1668.73 -1 80 80 1513.24 646.211 -2800.8 -1798.06
 0 1674.52 -1 80 80 1532.2 652.953 -2800.75 -1798.11
 0 1664.24 -1 80 80 1549.59 661.053 -2800.77 -1798.27
 0 1641.82 -1 80 80 1566.85 668.426 -2800.76 -1798.4
 0 1614.53 -1 80 80 1584.5 676.063 -2800.8 -1798.67
 0 1586.31 -1 80 80 1602.54 683.261 -2800.84 -1798.77
 0 1560.65 -1 80 80 1620.64 691.236 -2800.78 -1798.85
 0 1532.89 -1 80 80 1637.81 698.267 -2800.93 -1798.76
 0 1506.92 -1 80 80 1655.13 705.88 -2800.96 -1798.68
 0 1488.05 -1 80 80 1673.75 712.96 -2800.96 -1798.86
 0 1466.91 -1 80 80 1690.15 720.502 -2800.98 -1798.74
 0 1449.72 -1 80 80 1707.93 727.284 -2800.82 -1798.93
 0 1442.29 -1 80 80 1726.47 735.801 -2800.92 -1798.74
 0 1425.49 -1 80 80 1741.78 742.322 -2800.84 -1798.73
 0 1413.98 -1 80 80 1759.2 749.763 -2800.82 -1798.94
 0 1291.2 -1 80 80 1775.41 755.844 -2800.97 -1798.7
 0 1312.31 -1 80 80 1791.2 763.598 -2801.05 -1798.86
 0 460.558 -1 80 80 1797.05 765.722 -2801.02 -1798.85
 0 0 -1 80 80 1797.34 765.128 -2801.07 -1798.82
 0 0 -1 80 80 1798.19 765.58 -2801.03 -1798.95
 0 130.052 -1 80 80 1799.99 765.918 -2801.19 -1798.78
 0 0 -1 80 80 1799.7 766.005 -2801.13 -1798.74
 0 143.818 -1 80 80 1799.35 767.983 -2801.01 -1798.76
 0 138.367 -1 80 80 1799.22 769.914 -2800.93 -1798.85
 0 465.38 -1 80 80 1796.41 775.547 -2801 -1798.75
 0 537.037 -1 80 80 1795.71 782.765 -2800.97 -1798.78
 0 588.512 -1 80 80 1795.9 790.7 -2800.95 -1798.7
 0 523.468 -1 80 80 1795.43 797.755 -2800.85 -1798.58
 0 603.212 -1 80 80 1797.2 805.694 -2800.82 -1798.96
 0 575.887 -1 80 80 1799.62 813.076 -2800.88 -1798.77
 0 676.067 -1 80 80 1803.24 821.432 -2801.07 -1798.87
 0 689.671 -1 80 80 1806.85 829.987 -2801.02 -1798.95
 0 643.109 -1 80 80 1812.29 836.739 -2801.23 -1798.69
 0 596.41 -1 80 80 1817.65 842.728 -2801.07 -1798.79
 0 600.56 -1 80 80 1822.56 849.175 -2801.21 -1798.94
 0 688.381 -1 80 80 1829.9 854.832 -2801.13 -1798.79
 0 682.263 -1 80 80 1837.16 860.466 -2801.02 -1798.97
 0 660.928 -1 80 80 1844.2 865.917 -2800.96 -1798.81
 0 641.493 -1 80 80 1851.07 871.157 -2800.98 -1798.82
 0 647.668 -1 80 80 1858.88 875.047 -2800.88 -1798.84
 0 669.459 -1 80 80 1866.38 880.055 -2801 -1798.62
 0 646.326 -1 80 80 1873.95 884.362 -2800.9 -1798.64
 0 803.516 -1 80 80 1883.07 890.149 -2800.96 -1798.67
 0 721.477 -1 80 80 1891.06 895.674 -2800.97 -1798.71
 0 672.455 -1 80 80 1899.42 899.158 -2800.91 -1798.92
 0 628.299 -1 80 80 1906.51 903.789 -2800.9 -1798.71
 0 685.376 -1 80 80 1914.52 908.367 -2800.89 -1798.71
 0 747.218 -1 80 80 1923.48 912.925 -2800.79 -1798.75
 0 731.752 -1 80 80 1931.9 918.041 -2800.87 -1798.72
 0 654.562 -1 80 80 1939.63 922.281 -2800.69 -1798.79
 0 645.583 -1 80 80 1946.96 926.971 -2800.73 -1798.55
 0 639.355 -1 80 80 1953.99 931.952 -2800.87 -1798.64
 0 623.57 -1 80 80 1960.72 936.978 -2800.84 -1798.72
 0 716.458 -1 80 80 1968.67 942.442 -2800.81 -1798.87
 0 575.869 -1 80 80 1974.54 947.53 -2800.89 -1798.84
 0 661.413 -1 80 80 1981.43 953.188 -2800.91 -1798.98
 0 676.123 -1 80 80 1988.49 958.935 -2801.13 -1798.81
 0 690.002 -1 80 80 1994.55 965.972 -2801.2 -1798.89
 0 723.793 -1 80 80 2001.18 973.115 -2801.08 -1799
 0 771.786 -1 80 80 2008.92 980.029 -2800.99 -1798.75
 0 804.735 -1 80 80 2015.77 988.409 -2800.9 -1798.95
 0 744.731 -1 80 80 2022.5 995.837 -2800.98 -1798.83
 0 840.256 -1 80 80 2030.25 1004.05 -2800.92 -1798.81
 0 781.053 -1 80 80 2036.56 1012.45 -2800.73 -1798.84
 0 735.736 -1 80 80 2041.5 1021.02 -2800.92 -1798.68
 0 795.283 -1 80 80 2048.82 1028.83 -2800.95 -1798.77
 0 863.278 -1 80 80 2056.11 1037.85 -2800.86 -1798.75
 0 839.035 -1 80 80 2063.07 1046.72 -2800.87 -1798.67
 0 809.014 -1 80 80 2068.92 1055.9 -2800.73 -1798.87
 0 933.855 -1 80 80 2076.82 1065.64 -2800.88 -1798.8
 0 1734.25 -1 80 80 2089.39 1085.15 -2800.93 -1798.61
 0 1780.35 -1 80 80 2103.03 1104.69 -2800.93 -1798.56
 0 849.814 -1 80 80 2108.63 1114.65 -2800.92 -1798.63
 0 842.103 -1 80 80 2114.87 1124.09 -2800.86 -1798.89
 0 890.871 -1 80 80 2122.03 1133.68 -2800.94 -1798.64
 0 794.711 -1 80 80 2127.45 1142.9 -2801 -1798.77
 0 832.094 -1 80 80 2132.76 1152.74 -2800.91 -1798.76
 0 896.82 -1 80 80 2139.5 1162.73 -2800.93 -1798.79
 0 889.694 -1 80 80 2145.83 1172.86 -2800.94 -1798.93
 0 991.033 -1 80 80 2154.3 1183.13 -2801.01 -1798.82
 0 888.727 -1 80 80 2160.27 1193.47 -2800.93 -1798.72
 0 780.558 -1 80 80 2166.06 1202.23 -2800.99 -1798.78
 0 953.58 -1 80 80 2174.39 1211.95 -2800.92 -1798.84
 0 813.949 -1 80 80 2181.13 1220.57 -2800.7 -1799.03
 0 801.826 -1 80 80 2187.63 1229.17 -2800.83 -1798.95
 0 691.375 -1 80 80 2193.41 1236.47 -2800.92 -1798.9
 0 706.319 -1 80 80 2200.04 1243.29 -2800.99 -1798.85
 0 1586.13 -1 80 80 2214.75 1258.6 -2801.05 -1798.82
 0 1364.86 -1 80 80 2228.03 1271.18 -2800.93 -1799.05
 0 740.948 -1 80 80 2235.95 1277.24 -2801.03 -1799.13
 0 691.321 -1 80 80 2242.8 1283.54 -2800.95 -1798.97
 0 623.169 -1 80 80 2249.47 1288.65 -2800.89 -1799.03
 0 600.891 -1 80 80 2256.27 1293.06 -2800.93 -1798.74
 0 772.777 -1 80 80 2264.76 1299.06 -2800.65 -1798.82
 0 819.724 -1 80 80 2273.85 1305.28 -2800.78 -1798.62
 0 636.021 -1 80 80 2281.19 1309.71 -2800.79 -1798.51
 0 732.88 -1 80 80 2290.07 1314.01 -2800.73 -1798.76
 0 748.603 -1 80 80 2299.19 1318.28 -2800.85 -1798.61
 0 703.369 -1 80 80 2307.51 1322.8 -2800.87 -1798.72
 0 765.115 -1 80 80 2317.06 1326.65 -2800.87 -1798.63
 0 879.939 -1 80 80 2327.73 1331.74 -2800.98 -1798.74
 0 817.727 -1 80 80 2337.32 1337.12 -2800.94 -1799.01
 0 812.81 -1 80 80 2347.29 1341.59 -2801.05 -1798.92
 0 804.083 -1 80 80 2357.05 1346.25 -2800.98 -1798.86
 0 777.186 -1 80 80 2366.34 1351.03 -2800.96 -1798.86
 0 1562 -1 80 80 2385.73 1358.89 -2801.02 -1798.79
 0 787.494 -1 80 80 2395.02 1363.96 -2800.85 -1798.97
 0 624.11 -1 80 80 2402.87 1367 -2800.79 -1798.78
 0 715.979 -1 80 80 2411.73 1370.79 -2800.88 -1798.77
 0 676.712 -1 80 80 2419.87 1374.88 -2800.79 -1798.67
 0 659.334 -1 80 80 2427.82 1378.85 -2800.88 -1798.62
 0 726.811 -1 80 80 2436.71 1382.94 -2800.79 -1798.89
 0 706.545 -1 80 80 2444.77 1387.98 -2800.91 -1798.79
 0 716.398 -1 80 80 2452.84 1393.26 -2800.85 -1798.8
 0 623.432 -1 80 80 2459.95 1397.75 -2800.86 -1798.89
 0 703.849 -1 80 80 2467.63 1403.29 -2800.94 -1798.76
 0 781.522 -1 80 80 2476.12 1409.49 -2800.76 -1798.9
 0 710.941 -1 80 80 2483.63 1415.42 -2800.92 -1798.54
 0 762.4 -1 80 80 2491.31 1422.22 -2800.91 -1798.57
 0 910.324 -1 80 80 2500.84 1429.88 -2800.9 -1798.81
 0 778.852 -1 80 80 2508.71 1436.8 -2800.85 -1798.8
 0 925.01 -1 80 80 2518.8 1444.04 -2800.86 -1799.04
 0 0 -1 80 80 2518.8 1444.04 -2800.96 -1798.88
 0 0 -1 80 80 2518.8 1444.04 -2801.02 -1798.86
 0 0 -1 80 80 2518.8 1444.04 -2801.02 -1798.77
 0 0 -1 80 80 2518.8 1444.04 -2800.96 -1798.74
 0 0 -1 80 80 2518.8 1444.04 -2800.69 -1798.89
 0 0 -1 80 80 2518.8 1444.04 -2800.7 -1798.65
 0 0 -1 80 80 2518.8 1444.04 -2800.79 -1798.58
 0 0 -1 80 80 2518.8 1444.04 -2800.83 -1798.59
 0 0 -1 80 80 2518.8 1444.04 -2800.89 -1798.54
 0 0 -1 80 80 2518.8 1444.04 -2800.75 -1798.77
 0 0 -1 80 80 2518.8 1444.04 -2800.96 -1798.77
 0 0 -1 80 80 2518.8 1444.04 -2800.87 -1798.75
 0 0 -1 80 80 2518.8 1444.04 -2800.87 -1798.68
 0 0 -1 80 80 2518.8 1444.04 -2800.82 -1798.72
 0 0 -1 80 80 2518.8 1444.04 -2800.73 -1798.85
 0 0 -1 80 80 2518.8 1444.04 -2800.82 -1798.67
 0 0 -1 80 80 2518.8 1444.04 -2800.91 -1798.77
 0 0 -1 80 80 2518.8 1444.04 -2800.94 -1798.84
 0 0 -1 80 80 2518.8 1444.04 -2800.87 -1798.83
 0 0 -1 80 80 2518.8 1444.04 -2800.85 -1798.85
 0 0 -1 80 80 2518.8 1444.04 -2800.85 -1798.82
 0 0 -1 80 80 2518.8 1444.04 -2800.82 -1798.85
 0 0 -1 80 80 2518.8 1444.04 -2801.09 -1798.74
 0 0 -1 80 80 2518.8 1444.04 -2800.97 -1798.81
 0 0 -1 80 80 2518.8 1444.04 -2800.92 -1798.77
 0 0 -1 80 80 2518.8 1444.04 -2800.8 -1798.85
 0 0 -1 80 80 2518.8 1444.04 -2800.74 -1798.77
 0 0 -1 80 80 2518.8 1444.04 -2800.82 -1798.74
 0 0 -1 80 80 2518.8 1444.04 -2800.84 -1798.78
 0 0 -1 80 80 2518.8 1444.04 -2800.9 -1798.77
 0 0 -1 80 80 2518.8 1444.04 -2800.8 -1798.95
 0 0 -1 80 80 2518.8 1444.04 -2800.97 -1798.66
 0 0 -1 80 80 2518.8 1444.04 -2801 -1798.58
 0 0 -1 80 80 2518.8 1444.04 -2800.98 -1798.51
 0 0 -1 80 80 2518.8 1444.04 -2801.03 -1798.61
 0 0 -1 80 80 2518.8 1444.04 -2801.01 -1798.89
 0 0 -1 80 80 2518.8 1444.04 -2800.89 -1798.91
 0 0 -1 80 80 2518.8 1444.04 -2800.94 -1798.66
 0 0 -1 80 80 2518.8 1444.04 -2800.96 -1798.7
 0 0 -1 80 80 2518.8 1444.04 -2801.05 -1798.77
 0 0 -1 80 80 2518.8 1444.04 -2801.09 -1798.62
 0 0 -1 80 80 2731.55 1641.69 -2800.95 -1798.82
 0 144.548 -1 80 80 2730.2 1643.19 -2800.79 -1798.91
 0 0 -1 80 80 2729.54 1643.58 -2800.91 -1798.82
 0 0 -1 80 80 2728.4 1643.67 -2800.87 -1798.86
 0 0 -1 80 80 2727.8 1642.65 -2800.79 -1798.83
 0 0 -1 80 80 2726.89 1642.2 -2801 -1798.7
 0 0 -1 80 80 2726.08 1641.46 -2800.84 -1798.82
 0 208.702 -1 80 80 2726.3 1638.6 -2800.84 -1798.82
 0 118.058 -1 80 80 2725.86 1636.99 -2801.05 -1798.77
 0 0 -1 80 80 2726.4 1636.92 -2801.02 -1798.92
 0 0 -1 80 80 2726.83 1635.75 -2800.88 -1798.83
 0 0 -1 80 80 2726.74 1635.09 -2800.77 -1798.79
 0 259.088 -1 80 80 2725.1 1631.95 -2800.74 -1798.63
 0 421.259 -1 80 80 2724.68 1626.26 -2800.87 -1798.72
 0 370.091 -1 80 80 2724.73 1621.23 -2800.81 -1798.89
 0 327.174 -1 80 80 2724.28 1616.8 -2800.98 -1798.58
 0 291.268 -1 80 80 2724.63 1612.85 -2801.06 -1798.97
 0 324.25 -1 80 80 2725.37 1608.49 -2801.01 -1798.87
 0 315.966 -1 80 80 2726.41 1604.32 -2801.01 -1798.83
 0 210.103 -1 80 80 2727.68 1601.72 -2800.91 -1798.97
 0 215.729 -1 80 80 2726.91 1598.85 -2800.94 -1798.75
 0 175.193 -1 80 80 2727.14 1596.44 -2801.03 -1798.9
 0 236.936 -1 80 80 2728.11 1593.34 -2801.05 -1798.88
 0 108.967 -1 80 80 2728.52 1591.85 -2800.92 -1798.79
 0 115.461 -1 80 80 2728.59 1590.22 -2800.67 -1798.96
 0 129.836 -1 80 80 2727.96 1588.51 -2800.74 -1798.61
 0 194.044 -1 80 80 2727.37 1585.9 -2800.9 -1798.68
 0 108.945 -1 80 80 2727.82 1584.42 -2800.97 -1798.66
 0 103.057 -1 80 80 2728.4 1583.08 -2801.14 -1798.74
