 0 275.236
 0 2665.76
 0 3589.25
 0 3579.46
 0 3557.67
 0 3567.28
 0 3587.72
 0 3625.72
 0 3673.34
 0 3746.21
 0 3803.8
 0 3882.86
 0 3972.02
 0 4063.77
 0 4154.42
 0 4250.29
 0 4346.93
 0 4435.56
 0 4526.22
 0 4610.94
 0 4717.83
 0 4776.66
 0 4852.08
 0 4905.41
 0 4973.8
 0 5031.2
 0 5082.51
 0 5116.98
 0 5128.37
 0 5148.87
 0 5158.62
 0 5160.88
 0 5133.13
 0 5121.35
 0 5107.1
 0 5062.76
 0 5016.41
 0 4967.16
 0 4919.79
 0 4853.41
 0 4790.85
 0 4705.95
 0 4617.65
 0 4523.13
 0 4426.99
 0 4332.96
 0 4217.56
 0 4113.16
 0 3998.76
 0 3887.3
 0 3765.81
 0 3648.11
 0 3528.01
 0 3404.57
 0 3283.46
 0 2894.5
 0 2698.58
 0 2620.05
 0 2616.34
 0 2664.93
 0 2654.04
 0 2595.42
 0 2512.13
 0 2438.96
 0 2348.75
 0 2265.39
 0 2186.71
 0 2120.98
 0 2065.49
 0 2014.5
 0 1968.24
 0 1929.64
 0 1896.74
 0 1861.89
 0 1834.01
 0 1804.94
 0 1778.41
 0 1749.69
 0 1722.4
 0 1717.94
 0 1734.61
 0 1761.4
 0 1794.14
 0 1827.59
 0 1854.76
 0 1879.92
 0 1892.23
 0 1898.02
 0 1894.23
 0 1892.41
 0 1901.45
 0 1912.47
 0 1916.22
 0 1919.15
 0 1913.54
 0 1904.43
 0 1873.1
 0 1959.19
 0 2019.5
 0 2053.97
 0 2072.25
 0 2072.75
 0 2063.43
 0 2050.5
 0 2030.34
 0 2008.29
 0 1989.86
 0 2078.16
 0 2128.1
 0 2143.31
 0 2139.05
 0 2119.28
 0 2092.01
 0 2060.56
 0 2026.43
 0 1992.85
 0 1962.29
 0 1932.62
 0 1906.02
 0 1883.42
 0 1862.75
 0 1849.46
 0 1834.65
 0 1822.93
 0 1818.49
 0 1809.99
 0 1804.03
 0 1797.84
 0 1793.51
 0 1790.56
 0 1787.5
 0 1784.1
 0 1780.42
 0 1776.44
 0 1772.54
 0 1769.81
 0 1762.47
 0 1756.55
 0 1752.72
 0 1749.67
 0 1744
 0 1741.63
 0 1737.84
 0 1732.14
 0 1729.99
 0 1728.9
 0 1718.74
 0 1711.51
 0 1708.31
 0 1701.2
 0 1698.2
 0 1696.56
 0 1688.43
 0 1640.05
 0 1550.88
 0 772.959
 0 0
 0 0
 0 0
 0 163.699
 0 158.317
 0 156.803
 0 174.226
 0 237.729
 0 196.899
 0 162.466
 0 209.809
 0 579.392
 0 597.791
 0 575.003
 0 557.468
 0 638.284
 0 574.811
 0 572.819
 0 620.641
 0 607.85
 0 566.573
 0 563.91
 0 585.653
 0 623.838
 0 475.549
 0 582.538
 0 545.209
 0 559.258
 0 505.829
 0 521.126
 0 529.603
 0 486.205
 0 473.952
 0 520.764
 0 478.571
 0 441.369
 0 413.027
 0 398.711
 0 391.531
 0 408.928
 0 341.614
 0 398.572
 0 386.686
 0 332.896
 0 392.034
 0 278.533
 0 347.329
 0 306.724
 0 327.192
 0 283.314
 0 273.13
 0 330.627
 0 237.234
 0 304.834
 0 380.736
 0 408.856
 0 462.386
 0 401.793
 0 485.987
 0 535.101
 0 612.944
 0 552.332
 0 614.296
 0 688.606
 0 770.463
 0 708.013
 0 797.301
 0 850.539
 0 870.43
 0 859.2
 0 883.987
 0 972.696
 0 974.757
 0 846.921
 0 980.268
 0 958.759
 0 839.373
 0 959.45
 0 985.503
 0 873.241
 0 914.245
 0 918.89
 0 912.192
 0 835.821
 0 944.694
 0 861.15
 0 787.242
 0 852.567
 0 823.639
 0 774.195
 0 806.243
 0 831.939
 0 762.365
 0 719.912
 0 826.989
 0 753.562
 0 709.514
 0 836.143
 0 738.522
 0 655.321
 0 732.033
 0 687.036
 0 669.17
 0 665.763
 0 660.124
 0 629.259
 0 607.508
 0 616.247
 0 575.396
 0 609.513
 0 575.316
 0 597.041
 0 577.776
 0 560.111
 0 578.489
 0 594.875
 0 536.481
 0 579.396
 0 573.006
 0 554.234
 0 581.742
 0 609.891
 0 540.21
 0 555.956
 0 481.002
 0 584.38
 0 451.821
 0 321.463
 0 171.427
 0 149.727
 0 139.552
 0 412.515
 0 143.247
 0 214.113
 0 276.645
 0 271.972
 0 282.226
 0 298.845
 0 362.589
 0 308.08
 0 321.312
 0 284.034
 0 302.595
 0 327.438
 0 0
 0 0
 0 0
 0 0
 0 0
 0 183.903
 0 277.86
 0 308.744
 0 300.772
 0 287.449
 0 367.438
 0 289.407
 0 217.617
 0 313.752
 0 145.634
 0 119.511
 0 0
 0 111.057
