 6 1529.51 -1 100 100 -3386.2 -1947.15 -3483.38 -2004.66
 6 3513.19 -1 100 100 -3339.06 -1944.27 -3484.17 -2006.27
 6 3516.58 -1 100 100 -3291.29 -1939.01 -3485.12 -2009.08
 6 3543.54 -1 100 100 -3238.75 -1931.97 -3485.9 -2012.25
 6 3582.88 -1 100 100 -3186.83 -1923.68 -3486.27 -2015.36
 6 3652.84 -1 100 100 -3129.4 -1915.08 -3486.8 -2018.62
 6 3733.37 -1 100 100 -3073.5 -1905.9 -3487.1 -2021.94
 6 3831.98 -1 100 100 -3014.4 -1893.89 -3487.54 -2025.4
 6 3950.01 -1 100 100 -2952.62 -1880.65 -3487.6 -2029.24
 6 4087.3 -1 100 100 -2887.9 -1867.66 -3487.62 -2033.32
 6 4235.26 -1 100 100 -2822.26 -1852.56 -3487.9 -2037.76
 6 4395.72 -1 100 100 -2753.69 -1836.25 -3488.61 -2043.2
 6 4551.22 -1 100 100 -2686.37 -1818.66 -3489.56 -2049.25
 6 4697.18 -1 100 100 -2618.83 -1799.13 -3491.04 -2055.89
 6 4887.49 -1 100 100 -2537.67 -1778.77 -3492.84 -2061.9
 6 5063.46 -1 100 100 -2464.68 -1756.98 -3494.49 -2068.47
 6 5217.49 -1 100 100 -2392.43 -1734.22 -3496.68 -2074.3
 6 5399.48 -1 100 100 -2309.44 -1705.94 -3498.44 -2079.29
 6 5570.25 -1 100 100 -2230.87 -1678.91 -3500.47 -2086.69
 6 5718.79 -1 100 100 -2152.55 -1655.03 -3502.51 -2093.15
 6 6285.38 -1 100 100 -1980.42 -1592.45 -3505.52 -2102.73
 6 6681.31 -1 100 100 -1899.69 -1561.55 -3508.16 -2112.6
 6 5774.44 -1 100 100 -2067.83 -1624.74 -3508.2 -2112.96
 6 4817.85 -1 100 100 -2067.83 -1624.74 -3510.52 -2119.97
 6 3883.21 -1 100 100 -2067.83 -1624.74 -3513.05 -2130.76
 6 5456.81 -1 100 100 -1550.56 -1416.15 -3514.87 -2141.6
 6 6648.59 -1 100 100 -1458.75 -1376.11 -3516.61 -2150.55
 6 7471 -1 100 100 -1368.02 -1334.73 -3517.54 -2158.86
 6 7471 -1 100 100 -1281.43 -1296.34 -3518.15 -2165.47
 6 7471 -1 100 100 -1188.28 -1250.05 -3518.8 -2170.62
 6 7471 -1 100 100 -1101.48 -1202.07 -3519.56 -2175.39
 6 7471 -1 100 100 -1015.53 -1161.2 -3519.86 -2179.64
 6 7471 -1 100 100 -924.781 -1116.3 -3519.5 -2183.52
 6 7471 -1 100 100 -838.361 -1071.62 -3518.73 -2187.26
 6 7471 -1 100 100 -757.459 -1022.28 -3517.54 -2190.45
 6 7471 -1 100 100 -671.334 -975.86 -3516.26 -2192.72
 6 7471 -1 100 100 -585.967 -933.838 -3514.48 -2194.71
 6 7471 -1 100 100 -505.334 -880.282 -3512.59 -2195.85
 6 7471 -1 100 100 -426.423 -832.196 -3510.55 -2196.32
 6 7471 -1 100 100 -351.429 -784.283 -3508.63 -2196.22
 6 7324.4 -1 100 100 -277.241 -737.393 -3506.97 -2195.67
 6 7178.95 -1 100 100 -199.325 -688.54 -3505.65 -2194.63
 6 7419.57 -1 100 100 -54.7102 -592.124 -3504.84 -2193.43
 6 7471 -1 100 100 10.2635 -544.929 -3504.26 -2192.39
 6 6390.99 -1 100 100 -125.809 -639.807 -3504 -2191.54
 6 5260.69 -1 100 100 -125.809 -639.807 -3503.93 -2190.6
 6 4181.9 -1 100 100 -125.809 -639.807 -3504.05 -2189.82
 6 5289.37 -1 100 100 257.878 -355.232 -3504.37 -2189.22
 6 6030.48 -1 100 100 310.95 -313.626 -3504.6 -2188.58
 6 6486.86 -1 100 100 363.474 -267.71 -3504.8 -2188.08
 6 6712.83 -1 100 100 414.1 -223.037 -3505.02 -2187.83
 6 6738.1 -1 100 100 456.712 -179.456 -3505.25 -2187.79
 6 6630.88 -1 100 100 503.442 -139.231 -3505.55 -2187.63
 6 6424.15 -1 100 100 545.392 -98.6816 -3505.74 -2187.44
 6 6147.85 -1 100 100 581.859 -56.6168 -3505.96 -2187.36
 6 5834 -1 100 100 618.685 -17.5139 -3506.13 -2187.25
 6 5503.68 -1 100 100 653.072 21.0073 -3506.62 -2187.21
 6 5161.06 -1 100 100 683.932 56.3228 -3506.77 -2187.25
 6 4824.75 -1 100 100 711.706 92.947 -3506.47 -2187.25
 6 4460.71 -1 100 100 726.121 125.789 -3506.39 -2187.39
 6 3953.33 -1 100 100 726.121 125.789 -3506.38 -2187.41
 6 3376.99 -1 100 100 726.121 125.789 -3506.22 -2187.45
 6 2489.51 -1 100 100 272.506 202.187 -3506.03 -2187.47
 6 2817.78 -1 100 100 355.01 236.677 -3505.87 -2187.43
 6 3024.19 -1 100 100 444.34 271.826 -3506.12 -2187.58
 6 2892.77 -1 100 100 524.066 300.972 -3506.03 -2187.6
 6 2593.57 -1 100 100 605.094 333.729 -3506.03 -2187.65
 6 2383.88 -1 100 100 683.227 364.36 -3505.93 -2187.67
 6 2422.61 -1 100 100 758.925 393.129 -3506.11 -2187.7
 6 3024.33 -1 100 100 908.06 448.045 -3505.83 -2187.69
 6 3599.81 -1 100 100 935.283 467.711 -3505.69 -2187.81
 6 3966.1 -1 100 100 956.599 488.95 -3505.54 -2187.83
 6 4130.55 -1 100 100 978.817 509.146 -3505.43 -2187.72
 6 4136.98 -1 100 100 1001.6 529.017 -3505.27 -2187.8
 6 4037.81 -1 100 100 1025.55 550.053 -3505.25 -2187.79
 6 3876.05 -1 100 100 1050.89 571.198 -3505.07 -2187.86
 6 3675.21 -1 100 100 1075.05 591.898 -3504.83 -2187.83
 6 3466.23 -1 100 100 1101.04 612.53 -3504.63 -2187.96
 6 3416.34 -1 100 100 1154.95 654.077 -3504.45 -2188
 6 3331.51 -1 100 100 1182.55 674.412 -3504.32 -2187.96
 6 3230.55 -1 100 100 1210.66 695.102 -3504.26 -2188.07
 6 3124.07 -1 100 100 1239.16 715.037 -3504.27 -2188.11
 6 3024.56 -1 100 100 1268.48 735.626 -3504.19 -2188.3
 6 2933.78 -1 100 100 1297.98 755.28 -3504.22 -2188.54
 6 2854.53 -1 100 100 1327.77 774.663 -3504.09 -2188.76
 6 2792.86 -1 100 100 1358.52 794.73 -3503.83 -2188.94
 6 2745.5 -1 100 100 1389.73 813.619 -3503.94 -2189.1
 6 2707.56 -1 100 100 1420.41 831.989 -3503.87 -2189.29
 6 2681.29 -1 100 100 1451.84 850.432 -3503.82 -2189.47
 6 2660.46 -1 100 100 1482.48 868.344 -3503.83 -2189.71
 6 2648.06 -1 100 100 1514.35 885.777 -3503.68 -2190.07
 6 2639.62 -1 100 100 1545.64 902.99 -3503.3 -2190.16
 6 2628.86 -1 100 100 1576.71 918.073 -3503.4 -2190.43
 6 2625.62 -1 100 100 1609.01 934.772 -3503.12 -2190.9
 6 2617.32 -1 100 100 1639.22 950.301 -3502.89 -2191.18
 6 2610.4 -1 100 100 1671.04 964.959 -3502.64 -2191.36
 6 2600.33 -1 100 100 1701.8 979.333 -3502.44 -2191.7
 6 2588.99 -1 100 100 1733.1 992.779 -3502.18 -2192.07
 6 2570.81 -1 100 100 1762.83 1005.9 -3501.85 -2192.28
 6 2551.06 -1 100 100 1793.25 1018.62 -3501.62 -2192.42
 6 2528.38 -1 100 100 1823.42 1030.22 -3501.75 -2192.38
 6 2503.74 -1 100 100 1853.27 1041.73 -3501.65 -2192.55
 6 2489.21 -1 100 100 1881.69 1052.07 -3501.62 -2192.83
 6 2568.36 -1 100 100 1938.94 1071.82 -3501.61 -2192.97
 6 2606.61 -1 100 100 1966.01 1080.08 -3501.38 -2192.98
 6 2600.62 -1 100 100 1992.72 1087.89 -3501.35 -2193
 6 2564.36 -1 100 100 2019.23 1095.86 -3501.5 -2193.08
 6 2540.57 -1 100 100 2050.02 1112.83 -3501.55 -2193.19
 6 2549.44 -1 100 100 2083.47 1137.47 -3501.37 -2193.31
 6 2583.17 -1 100 100 2117.65 1161.01 -3501.39 -2193.28
 6 2631.31 -1 100 100 2151.36 1184.21 -3501.3 -2193.52
 6 2688.09 -1 100 100 2185.29 1207.12 -3501.07 -2193.67
 6 2748.37 -1 100 100 2219.2 1230.23 -3500.92 -2193.72
 6 2805.5 -1 100 100 2253.26 1252.04 -3500.84 -2194.05
 6 2850.92 -1 100 100 2286.4 1272.75 -3500.81 -2194.11
 6 2888.48 -1 100 100 2320.08 1293.92 -3500.75 -2194.15
 6 2917.02 -1 100 100 2353.3 1315.31 -3500.63 -2194.21
 6 2933.08 -1 100 100 2386.62 1334.58 -3500.53 -2194.35
 6 2940.16 -1 100 100 2420.02 1354 -3500.62 -2194.35
 6 2930.3 -1 100 100 2451.39 1372.2 -3500.6 -2194.57
 6 2914.46 -1 100 100 2483.96 1390.61 -3500.46 -2194.64
 6 2886.76 -1 100 100 2515.43 1406.99 -3500.25 -2194.69
 6 2849.84 -1 100 100 2545.83 1423.86 -3500.22 -2194.64
 6 2805.42 -1 100 100 2575.92 1439.71 -3499.99 -2194.71
 6 2753.33 -1 100 100 2605.57 1453.95 -3499.84 -2195.01
 6 2699.59 -1 100 100 2635.25 1468.29 -3499.78 -2195
 6 2639.52 -1 100 100 2663.31 1481.55 -3499.89 -2195.04
 6 2579.28 -1 100 100 2691.35 1495.12 -3499.98 -2195.13
 6 2551.58 -1 100 100 2723.86 1514.46 -3500.07 -2195.15
 6 2558.83 -1 100 100 2757.87 1536.48 -3499.95 -2195.21
 6 2583.39 -1 100 100 2790.56 1557.99 -3500.04 -2195.35
 6 2616.97 -1 100 100 2823.76 1577.85 -3500.04 -2195.48
 6 2648.81 -1 100 100 2855.97 1596.67 -3499.84 -2195.64
 6 2680.89 -1 100 100 2888.31 1616.81 -3499.85 -2195.45
 6 2698.94 -1 100 100 2918.33 1635.29 -3499.84 -2195.61
 6 2708 -1 100 100 2949.8 1652.04 -3499.88 -2195.79
 6 2704.02 -1 100 100 2979.65 1668.67 -3499.91 -2195.62
 6 2683.36 -1 100 100 3008.29 1683.76 -3499.88 -2195.68
 6 2657.2 -1 100 100 3037.72 1699.61 -3500.04 -2195.61
 6 2620.62 -1 100 100 3065.96 1713.72 -3499.82 -2195.57
 6 2587.21 -1 100 100 3094.83 1730.48 -3499.83 -2195.43
 6 2580.24 -1 100 100 3127.73 1750.5 -3499.68 -2195.4
 6 2589.65 -1 100 100 3160.32 1770.12 -3499.56 -2195.48
 6 2607.34 -1 100 100 3192.77 1788.89 -3499.53 -2195.6
 6 2621.65 -1 100 100 3223.34 1807.27 -3499.69 -2195.81
 6 2630.44 -1 100 100 3253.72 1824.9 -3499.72 -2195.89
 6 2628.58 -1 100 100 3283.47 1840.7 -3499.79 -2196
 6 2614.73 -1 100 100 3311.91 1856.56 -3499.88 -2195.88
 6 2270.73 -1 100 100 3339.06 1870.17 -3499.99 -2195.84
 6 534.985 -1 100 100 3346.13 1871.62 -3499.96 -2195.92
 6 426.076 -1 100 100 3350.52 1867.87 -3499.83 -2195.73
 6 211.561 -1 100 100 3352.69 1865.92 -3499.73 -2195.73
 6 99.7722 -1 100 100 3353.96 1865.29 -3499.53 -2195.74
 6 0 -1 100 100 3354.36 1866.32 -3499.42 -2195.8
 6 0 -1 100 100 3354.69 1866.99 -3499.22 -2195.68
 6 165.032 -1 100 100 3354.33 1869.26 -3499 -2195.64
 6 129.576 -1 100 100 3353.79 1870.99 -3498.81 -2195.73
 6 555.035 -1 100 100 3350.18 1877.55 -3498.61 -2195.85
 6 731.202 -1 100 100 3351.54 1887.3 -3498.52 -2195.99
 6 649.092 -1 100 100 3351.12 1896.03 -3498.55 -2196.14
 6 622.04 -1 100 100 3352.62 1904.29 -3498.57 -2196.13
 6 632.989 -1 100 100 3354.66 1912.57 -3498.61 -2196.16
 6 681.66 -1 100 100 3356.81 1921.49 -3498.65 -2196.28
 6 646.891 -1 100 100 3359.64 1929.74 -3498.91 -2196.46
 6 610.036 -1 100 100 3363.79 1936.84 -3498.8 -2196.65
 6 661.201 -1 100 100 3368.56 1944.36 -3498.8 -2196.63
 6 726.126 -1 100 100 3374.03 1952.46 -3498.89 -2196.78
 6 655.429 -1 100 100 3380.11 1958.86 -3498.91 -2196.75
 6 551.002 -1 100 100 3384.99 1964.48 -3498.98 -2196.74
 6 625.876 -1 100 100 3391.57 1969.75 -3499.06 -2196.77
 6 591.669 -1 100 100 3397.53 1975.06 -3499.1 -2196.93
 6 551.217 -1 100 100 3403.44 1979.57 -3499.2 -2196.93
 6 348.445 -1 100 100 3407.65 1981.74 -3499.17 -2196.98
 6 175.316 -1 100 100 3410.04 1981.26 -3499.1 -2197.02
 6 202.159 -1 100 100 3412.41 1979.8 -3499.21 -2197.07
 6 215.689 -1 100 100 3413.18 1976.94 -3499.07 -2197.13
 6 189.401 -1 100 100 3415.68 1976.15 -3499 -2197.2
 6 137.408 -1 100 100 3416.9 1974.67 -3499.22 -2197.31
 6 0 -1 100 100 3415.98 1973.71 -3499.28 -2197.35
 6 190.881 -1 100 100 3413.66 1974.95 -3499.23 -2197.4
 6 427.444 -1 100 100 3408.6 1977.76 -3499.22 -2197.45
 6 569.095 -1 100 100 3401.09 1979.38 -3499.31 -2197.25
 6 608.533 -1 100 100 3393 1980.72 -3499.22 -2197.35
 6 417.554 -1 100 100 3387.34 1980.78 -3499.28 -2197.12
 6 460.439 -1 100 100 3381.14 1981.41 -3499.37 -2197.17
 6 384.498 -1 100 100 3375.93 1981.7 -3499.4 -2197.25
 6 367.953 -1 100 100 3371.35 1979.71 -3499.41 -2197.3
 6 327.465 -1 100 100 3367.14 1978.23 -3499.38 -2197.32
 6 250.057 -1 100 100 3364.47 1976.09 -3499.39 -2197.24
 6 126.707 -1 100 100 3363.44 1974.64 -3499.34 -2197.32
 6 312.407 -1 100 100 3362.18 1978.7 -3499.56 -2197.31
 6 436.955 -1 100 100 3361.48 1984.58 -3499.56 -2197.27
 6 869.427 -1 100 100 3367.63 1994.51 -3499.6 -2197.31
 6 821.617 -1 100 100 3372.73 2004.31 -3499.66 -2197.34
 6 727.987 -1 100 100 3378.69 2012.08 -3499.72 -2197.3
 6 736.854 -1 100 100 3386.45 2018.26 -3499.53 -2197.28
 6 640.438 -1 100 100 3393.14 2023.71 -3499.42 -2197.31
 6 665.161 -1 100 100 3400.45 2028.89 -3499.35 -2197.37
 6 501.267 -1 100 100 3406.12 2032.6 -3499.43 -2197.38
 6 564.943 -1 100 100 3412.56 2036.68 -3499.67 -2197.27
