 15 1327.46 -1 80 80 2708.32 1555.63 2797.22 1604.71
 15 2992.7 -1 80 80 2668.49 1549.57 2798.44 1606.18
 15 2817.81 -1 80 80 2631.02 1543.48 2800.38 1608.46
 15 2847.81 -1 80 80 2586.93 1535.47 2802.36 1611.14
 15 2889.68 -1 80 80 2544.49 1526.95 2804.11 1613.68
 15 2949.41 -1 80 80 2499.47 1517.12 2805.8 1616.24
 15 3026.5 -1 80 80 2452.71 1505.87 2807.5 1618.86
 15 3116.44 -1 80 80 2404.72 1494.5 2809.33 1621.99
 15 3224.71 -1 80 80 2353.62 1481.53 2811.52 1625.13
 15 3336.56 -1 80 80 2303.36 1467.64 2814.02 1628.54
 15 3464.71 -1 80 80 2248.69 1452.37 2816.74 1632.43
 15 3585.35 -1 80 80 2196.73 1436.82 2819.78 1637.07
 15 3736.34 -1 80 80 2135.65 1417.88 2823.56 1642.59
 15 4156.63 -1 80 80 2018.91 1379.61 2829.05 1650.5
 15 4469.41 -1 80 80 1960.3 1360.08 2834.83 1658.98
 15 4713.52 -1 80 80 1897.24 1337.13 2841.11 1668.26
 15 4898.39 -1 80 80 1833.79 1314.22 2847.21 1678.04
 15 5040.11 -1 80 80 1769.2 1288.91 2853.66 1688.42
 15 5156.98 -1 80 80 1701.76 1263.1 2860.6 1699.35
 15 5238.09 -1 80 80 1637.45 1236.66 2866.74 1709.52
 15 5323.6 -1 80 80 1566.19 1207.1 2872.36 1718.69
 15 5374.28 -1 80 80 1502.31 1179.31 2877.52 1727.19
 15 5439.97 -1 80 80 1429.65 1147.92 2883.37 1736.31
 15 5491.72 -1 80 80 1361.5 1117.82 2889.33 1745.88
 15 5557.21 -1 80 80 1288.33 1084.21 2895.93 1755.77
 15 5604.64 -1 80 80 1220.43 1052.05 2902.61 1765.74
 15 5666.95 -1 80 80 1147.07 1015.33 2909.2 1776.16
 15 5718.77 -1 80 80 1076.72 981.569 2915.84 1786.46
 15 5760.43 -1 80 80 1007.02 946.376 2922.46 1796.67
 15 5811.36 -1 80 80 933.828 908.642 2928.91 1806.37
 15 5841 -1 80 80 866.842 871.041 2934.49 1814.8
 15 6205.38 -1 80 80 728.801 796.416 2941.68 1825.65
 15 6784.5 -1 80 80 591.308 716.903 2950.46 1839.65
 15 7140.05 -1 80 80 520.972 674.935 2957.37 1850.33
 15 7289.89 -1 80 80 457.039 636.816 2962.77 1859.19
 15 7296.52 -1 80 80 393.044 596.101 2966.7 1866.42
 15 7198.41 -1 80 80 330.058 556.858 2969.19 1871.24
 15 7031.76 -1 80 80 268.798 515.967 2971.37 1875.96
 15 6822.56 -1 80 80 208.013 476.908 2973.42 1879.89
 15 6573.89 -1 80 80 153.037 438.264 2975.27 1883.36
 15 6343.33 -1 80 80 91.5991 396.958 2976.6 1886.63
 15 6093.03 -1 80 80 40.4868 358.818 2977.22 1888.82
 15 5867.93 -1 80 80 -16.0548 319.094 2977.14 1890.43
 15 5638.54 -1 80 80 -64.8085 281.952 2976.62 1890.98
 15 5437.24 -1 80 80 -116.776 242.467 2975.75 1890.83
 15 5232.42 -1 80 80 -161.847 206.896 2975.23 1889.6
 15 5047.51 -1 80 80 -208.297 169.254 2974.13 1887.81
 15 4871.02 -1 80 80 -251.814 133.844 2973.22 1885.43
 15 4697.5 -1 80 80 -292.024 99.0332 2971.83 1883.28
 15 4542.85 -1 80 80 -333.355 63.2473 2970.69 1881.39
 15 4386.96 -1 80 80 -369.724 29.7569 2969.25 1879.35
 15 4240.26 -1 80 80 -406.312 -3.72109 2968 1877.77
 15 4082.01 -1 80 80 -437.466 -34.2635 2967.09 1876.41
 15 3946.35 -1 80 80 -472.352 -67.831 2966.58 1875.48
 15 3792.73 -1 80 80 -498.848 -96.6054 2966.41 1874.79
 15 3653.53 -1 80 80 -528.614 -127.685 2966.36 1874.8
 15 3503.06 -1 80 80 -552.526 -155.193 2966.35 1874.83
 15 3361.5 -1 80 80 -577.444 -184.121 2966.8 1874.92
 15 3218.45 -1 80 80 -599.312 -210.908 2967.19 1875.07
 15 3058.14 -1 80 80 -614.491 -236.193 2967.36 1875.26
 15 2878.65 -1 80 80 -624.255 -260.814 2967.26 1875.61
 15 2248.19 -1 80 80 -435.942 -278.634 2967.38 1875.8
 15 2048.11 -1 80 80 -509.439 -305.096 2967.67 1875.89
 15 2008.55 -1 80 80 -594.709 -331.935 2967.87 1876.25
 15 2076.75 -1 80 80 -671.753 -358.019 2968.19 1876.41
 15 2289.33 -1 80 80 -744.778 -382.564 2968.58 1876.82
 15 2435.44 -1 80 80 -757.029 -397.733 2968.8 1877.1
 15 2478.45 -1 80 80 -763.714 -412.43 2969.15 1877.57
 15 2444.24 -1 80 80 -772.549 -428.025 2969.36 1878.41
 15 2355.81 -1 80 80 -782.107 -443.351 2969.39 1879.18
 15 2234.86 -1 80 80 -793.576 -456.856 2969.46 1880.02
 15 2106.89 -1 80 80 -804.876 -473.524 2969.46 1880.76
 15 1979.09 -1 80 80 -816.786 -488.577 2969.75 1881.44
 15 1863.97 -1 80 80 -830.141 -503.671 2969.86 1881.98
 15 1771.94 -1 80 80 -845.426 -519.217 2969.92 1882.36
 15 1696.1 -1 80 80 -859.908 -533.983 2969.92 1882.83
 15 1648.83 -1 80 80 -877.189 -550.176 2970.05 1883.16
 15 1621.15 -1 80 80 -894.461 -565.557 2970.18 1883.56
 15 1609.57 -1 80 80 -912.968 -580.064 2970.54 1884.04
 15 1614.72 -1 80 80 -932.261 -595.382 2970.7 1884.66
 15 1632.33 -1 80 80 -952.087 -610.511 2971.1 1885.23
 15 1662.68 -1 80 80 -973.767 -625.295 2971.32 1885.71
 15 1701.5 -1 80 80 -995.948 -639.862 2971.54 1885.89
 15 1746.14 -1 80 80 -1018.59 -654.536 2971.75 1886.19
 15 1797.46 -1 80 80 -1042.84 -669.005 2971.7 1886.6
 15 1845.77 -1 80 80 -1066.15 -682.821 2971.71 1886.91
 15 1896.65 -1 80 80 -1091.79 -696.198 2971.83 1887.16
 15 1948.63 -1 80 80 -1117.46 -710.288 2971.89 1887.41
 15 1995.87 -1 80 80 -1143.87 -722.088 2971.91 1887.55
 15 2048.27 -1 80 80 -1171.58 -736.462 2971.87 1887.64
 15 2101.02 -1 80 80 -1200.34 -748.946 2971.93 1887.73
 15 2144.49 -1 80 80 -1228.13 -759.961 2971.89 1887.87
 15 2188.27 -1 80 80 -1257.47 -772.383 2971.89 1887.8
 15 2225.3 -1 80 80 -1286.25 -783.599 2971.96 1887.72
 15 2254.41 -1 80 80 -1314.75 -794.739 2972.19 1887.96
 15 2277.69 -1 80 80 -1343.93 -805.032 2972.24 1888.18
 15 2302.4 -1 80 80 -1374.72 -815.402 2972.24 1888.33
 15 2327.02 -1 80 80 -1405.81 -825.141 2972.4 1888.71
 15 2345.82 -1 80 80 -1435.94 -834.525 2972.24 1889.22
 15 2359.96 -1 80 80 -1466.42 -843.163 2972.28 1889.61
 15 2371.04 -1 80 80 -1497.28 -851.258 2972.18 1889.82
 15 2381.92 -1 80 80 -1528.55 -859.846 2972.27 1890.19
 15 2387.51 -1 80 80 -1559 -867.569 2972.54 1890.6
 15 2395.55 -1 80 80 -1591.33 -874.057 2972.82 1890.88
 15 2392.47 -1 80 80 -1620.82 -879.984 2972.63 1890.88
 15 2382.88 -1 80 80 -1650.06 -887.548 2972.77 1891.49
 15 2349.45 -1 80 80 -1672.52 -902.943 2973.06 1891.91
 15 2316.99 -1 80 80 -1697.87 -920.196 2973.13 1892.07
 15 2278.88 -1 80 80 -1720.33 -938.606 2973.26 1892.56
 15 2241.96 -1 80 80 -1743.34 -955.366 2973.22 1892.77
 15 2217.72 -1 80 80 -1768.55 -971.613 2973.51 1892.52
 15 2204.67 -1 80 80 -1793.34 -989.02 2973.42 1892.71
 15 2204.45 -1 80 80 -1819.65 -1005.52 2973.26 1892.82
 15 2202.57 -1 80 80 -1844.17 -1020.54 2973.1 1892.83
 15 2343.18 -1 80 80 -1897.62 -1051.3 2973.14 1892.86
 15 2433.72 -1 80 80 -1924.13 -1065.53 2973.08 1892.87
 15 2486.07 -1 80 80 -1951.59 -1078.87 2973.11 1892.88
 15 2497.7 -1 80 80 -1979.97 -1093.38 2972.97 1892.91
 15 2498.2 -1 80 80 -2007.12 -1106.78 2972.88 1892.93
 15 2494.77 -1 80 80 -2033.63 -1119.06 2972.82 1893.07
 15 2480.36 -1 80 80 -2061.8 -1131.68 2972.85 1893.21
 15 2446.67 -1 80 80 -2089.04 -1142.38 2972.7 1892.81
 15 2408.94 -1 80 80 -2116.67 -1152.66 2972.96 1892.97
 15 2376.3 -1 80 80 -2144.94 -1164.33 2972.93 1893.13
 15 2344.33 -1 80 80 -2172.83 -1174.27 2972.83 1893.13
 15 2312.63 -1 80 80 -2200.16 -1184.12 2972.89 1893.48
 15 2281.66 -1 80 80 -2224.45 -1200.13 2972.8 1893.57
 15 2251.85 -1 80 80 -2248.71 -1215.74 2972.79 1893.49
 15 2225.32 -1 80 80 -2273.19 -1231.16 2972.82 1893.88
 15 2204.88 -1 80 80 -2298.24 -1246.4 2972.94 1894.17
 15 2189.55 -1 80 80 -2323.45 -1261.07 2972.82 1894.31
 15 2177.41 -1 80 80 -2348.58 -1275.25 2973.03 1894.79
 15 2167.5 -1 80 80 -2373.91 -1288.73 2973.26 1894.99
 15 2156.47 -1 80 80 -2398.65 -1301.84 2973.25 1895.37
 15 2145.25 -1 80 80 -2423.87 -1314.03 2973.33 1895.66
 15 2134.29 -1 80 80 -2448.99 -1326.31 2973.24 1895.65
 15 2123.03 -1 80 80 -2474.22 -1337.83 2973.4 1895.81
 15 2110.48 -1 80 80 -2498.95 -1349.42 2973.38 1895.78
 15 2104.29 -1 80 80 -2523.86 -1363.85 2973.33 1896.09
 15 2101.67 -1 80 80 -2548.49 -1378.28 2973.5 1896.3
 15 2097.28 -1 80 80 -2572.15 -1392.39 2973.51 1896.44
 15 2093.82 -1 80 80 -2596.73 -1405.68 2973.6 1896.54
 15 2089.83 -1 80 80 -2621.25 -1418.44 2973.46 1896.31
 15 2083.45 -1 80 80 -2645.56 -1430.49 2973.44 1896.12
 15 2076.17 -1 80 80 -2669.47 -1443.45 2973.4 1895.97
 15 2075.15 -1 80 80 -2694.2 -1458 2973.6 1895.98
 15 2069.95 -1 80 80 -2717.47 -1471.16 2973.93 1896.17
 15 2067.32 -1 80 80 -2741.81 -1484.8 2974.19 1896.44
 15 2065.45 -1 80 80 -2766.08 -1498.02 2974.05 1896.49
 15 2059.17 -1 80 80 -2789.15 -1511.04 2973.75 1896.54
 15 2059.78 -1 80 80 -2814.2 -1524.97 2973.59 1896.7
 15 2053.23 -1 80 80 -2836.64 -1538.03 2974.03 1896.82
 15 2051.48 -1 80 80 -2861.37 -1551.35 2973.89 1896.8
 15 2047.24 -1 80 80 -2884.32 -1565.12 2973.69 1897.03
 15 2045.66 -1 80 80 -2908.43 -1578.72 2973.84 1897.01
 15 2038.88 -1 80 80 -2930.86 -1592.01 2974.17 1897.19
 15 2033.49 -1 80 80 -2954.68 -1604.93 2974.16 1897.24
 15 2030.61 -1 80 80 -2978.18 -1619 2974.22 1897.38
 15 2023.41 -1 80 80 -3000.88 -1631.62 2974.17 1897.5
 15 2019.73 -1 80 80 -3024.55 -1645.32 2973.96 1897.49
 15 2014.17 -1 80 80 -3047.55 -1658.14 2973.77 1897.35
 15 2008.03 -1 80 80 -3070.08 -1671.94 2973.76 1897.29
 15 2002.37 -1 80 80 -3093.52 -1684.39 2973.69 1897.5
 15 1995.53 -1 80 80 -3116.09 -1697.51 2973.84 1897.42
 15 1988.34 -1 80 80 -3138.65 -1710.67 2973.86 1897.31
 15 1984.54 -1 80 80 -3161.99 -1723.95 2973.83 1897.13
 15 1975.42 -1 80 80 -3183.45 -1736.91 2973.87 1897.06
 15 1969.03 -1 80 80 -3206.42 -1749.89 2973.93 1897.05
 15 1960.47 -1 80 80 -3228.09 -1763.13 2974.13 1897.12
 15 1954.21 -1 80 80 -3250.9 -1775.9 2974.23 1897.48
 15 1950.2 -1 80 80 -3273.52 -1789.11 2974.21 1897.3
 15 1943.11 -1 80 80 -3295.35 -1801.51 2974.11 1897.25
 15 1934.14 -1 80 80 -3316.89 -1814.31 2974.12 1897.45
 15 1925.32 -1 80 80 -3338.57 -1827.28 2973.87 1897.37
 15 1917.89 -1 80 80 -3360.72 -1839.78 2974.05 1897.67
 15 1968.02 -1 80 80 -3383.21 -1853.47 2974.08 1897.83
 15 1579.43 -1 80 80 -3401.85 -1863.48 2974.23 1897.81
 15 503.621 -1 80 80 -3407.84 -1866.7 2974.12 1897.77
