 14 0 -1 80 80 2726.53 1554.18 2798.34 1600.83
 14 0 -1 80 80 2726.48 1554.53 2798.84 1601.39
 14 670.209 -1 80 80 2717.61 1552.85 2799.47 1602.64
 14 2858.56 -1 80 80 2680.14 1544 2800.46 1604.59
 14 3360.02 -1 80 80 2636.65 1531.73 2802.04 1607.33
 14 3361.12 -1 80 80 2593.1 1518.77 2803.77 1610.21
 14 3373.44 -1 80 80 2547.17 1505.35 2805.1 1612.96
 14 3403.93 -1 80 80 2499.33 1489.32 2806.48 1615.88
 14 3444.6 -1 80 80 2451.46 1473.76 2808.01 1618.88
 14 3501.87 -1 80 80 2401.24 1456.49 2809.67 1621.9
 14 3570.27 -1 80 80 2350.52 1438.48 2811.54 1625.13
 14 3651.08 -1 80 80 2298.16 1419.04 2813.77 1629.24
 14 3741.01 -1 80 80 2244.54 1399.61 2816.59 1634.04
 14 3845.43 -1 80 80 2188.6 1377.43 2819.91 1639.32
 14 3942.82 -1 80 80 2134.97 1356.23 2823.66 1645.82
 14 4046.78 -1 80 80 2077.9 1333.18 2828.54 1652.74
 14 4163.15 -1 80 80 2018.24 1307.94 2833.21 1660.17
 14 4263.74 -1 80 80 1962.48 1283.76 2838.79 1668.53
 14 4370.08 -1 80 80 1902.18 1257.24 2844.91 1677.55
 14 4476.66 -1 80 80 1841.75 1229.54 2851.4 1687.02
 14 4571.59 -1 80 80 1782.6 1202.18 2857.75 1695.77
 14 4667.57 -1 80 80 1720.72 1172.79 2863.45 1703.68
 14 4763.53 -1 80 80 1658.02 1142.57 2869.68 1712.08
 14 4836.26 -1 80 80 1599.48 1112.97 2875.48 1719.53
 14 4913.43 -1 80 80 1535.9 1080.99 2881.6 1727.44
 14 4988.93 -1 80 80 1472.71 1048.31 2888.8 1737.15
 14 5039.33 -1 80 80 1413.51 1017.69 2895.49 1745.49
 14 5097.44 -1 80 80 1349.71 982.072 2902.45 1754.24
 14 5144.25 -1 80 80 1288.12 948.85 2909.31 1763.17
 14 5169.61 -1 80 80 1229.36 915.642 2915.21 1770.79
 14 5202.59 -1 80 80 1166.13 879.341 2921.98 1780.17
 14 5225.09 -1 80 80 1105.8 844.317 2928.6 1789.24
 14 5221.18 -1 80 80 1049.36 810.773 2935.12 1798.86
 14 5225.21 -1 80 80 988.444 773.218 2941.03 1807.57
 14 5212.9 -1 80 80 931.493 738.704 2946.12 1814.41
 14 5187.64 -1 80 80 875.571 703.575 2951.18 1822.35
 14 5172.87 -1 80 80 816.915 665.095 2955.28 1829.13
 14 5137.67 -1 80 80 763.426 630.7 2959.68 1836.35
 14 5088.72 -1 80 80 710.743 595.826 2962.95 1843.22
 14 5047.85 -1 80 80 655.936 558.079 2965.82 1849.09
 14 4987.78 -1 80 80 606.127 524.069 2968.33 1855.1
 14 4921.39 -1 80 80 556.364 488.633 2970.43 1860.17
 14 4856.64 -1 80 80 506.61 452.369 2972.26 1864.53
 14 4774.45 -1 80 80 460.884 419.312 2973.75 1868.67
 14 4685.87 -1 80 80 415.757 385.116 2974.8 1872.52
 14 4601.42 -1 80 80 370.29 350.128 2975.87 1875.8
 14 4500.94 -1 80 80 329.352 318.188 2976.61 1879.21
 14 4402.64 -1 80 80 287.622 284.556 2976.77 1882.3
 14 4303.61 -1 80 80 247.769 251.487 2976.82 1884.64
 14 4193.73 -1 80 80 210.349 221.364 2976.52 1886.06
 14 3840.5 -1 80 80 251.438 182.848 2975.89 1886.86
 14 3653.64 -1 80 80 195.284 153.328 2975.3 1886.8
 14 3590.62 -1 80 80 137.378 122.387 2974.53 1886.37
 14 3579.75 -1 80 80 88.8683 92.7889 2973.99 1885.39
 14 3648.48 -1 80 80 27.9375 62.6529 2973.08 1884.16
 14 3611.06 -1 80 80 5.352 43.9087 2972.4 1882.73
 14 3468.19 -1 80 80 -11.988 31.1624 2971.71 1881.54
 14 3265.95 -1 80 80 -30.3879 18.1301 2971.13 1880.31
 14 3034.79 -1 80 80 -49.0894 5.546 2970.84 1879.39
 14 2800.66 -1 80 80 -68.7316 -7.01259 2970.35 1878.66
 14 2573.74 -1 80 80 -86.9198 -19.8223 2970.2 1878.26
 14 2397.5 -1 80 80 -107.219 -33.7888 2969.98 1877.89
 14 2223.23 -1 80 80 -126.408 -46.6264 2969.83 1877.76
 14 2079.15 -1 80 80 -146.385 -59.7734 2969.67 1877.61
 14 1963.78 -1 80 80 -165.913 -73.485 2969.86 1877.35
 14 1879.93 -1 80 80 -186.939 -87.137 2969.81 1877.32
 14 1821.48 -1 80 80 -207.897 -100.486 2969.87 1877.41
 14 1782.22 -1 80 80 -228.747 -113.362 2969.98 1877.3
 14 1759.27 -1 80 80 -249.35 -127.017 2970.27 1877.31
 14 1801.86 -1 80 80 -280.059 -147.39 2970.55 1877.26
 14 1831.08 -1 80 80 -300.763 -159.86 2970.83 1877.22
 14 1848.09 -1 80 80 -320.43 -173.364 2970.74 1877.53
 14 1858.23 -1 80 80 -340.964 -186.545 2970.95 1877.97
 14 1861.58 -1 80 80 -361.16 -199.613 2970.81 1878.51
 14 1856.87 -1 80 80 -380.844 -212.107 2971.03 1878.92
 14 1851.08 -1 80 80 -401.558 -224.747 2971.01 1878.73
 14 1842 -1 80 80 -421.313 -237.654 2970.95 1879.3
 14 1827.06 -1 80 80 -440.532 -249.651 2971.01 1879.66
 14 1812.87 -1 80 80 -460.769 -261.683 2971.07 1880.03
 14 1793.72 -1 80 80 -479.74 -273.025 2971.52 1881.12
 14 1772.92 -1 80 80 -498.392 -285.132 2971.75 1881.45
 14 1749.58 -1 80 80 -516.942 -296.275 2971.78 1881.98
 14 1730.94 -1 80 80 -536.688 -307.68 2972.06 1882.46
 14 1741.52 -1 80 80 -561.463 -321.772 2972.26 1882.96
 14 1764.13 -1 80 80 -583.944 -336.427 2972.49 1883.44
 14 1792.74 -1 80 80 -605.689 -351.906 2972.81 1883.88
 14 1811.63 -1 80 80 -624.63 -366.611 2972.83 1884.43
 14 1801.95 -1 80 80 -638.376 -380.503 2972.86 1885.1
 14 1790.19 -1 80 80 -657.233 -393.443 2973.18 1885.87
 14 1799 -1 80 80 -680.188 -409.061 2973.31 1886.44
 14 1922.32 -1 80 80 -722.24 -437.667 2973.41 1886.81
 14 2014.68 -1 80 80 -745.372 -452.776 2973.31 1887.18
 14 2075.19 -1 80 80 -768.715 -465.438 2973.49 1887.38
 14 2125.22 -1 80 80 -794.855 -479.922 2973.46 1887.51
 14 2157.07 -1 80 80 -819.317 -493.497 2973.29 1887.42
 14 2181.4 -1 80 80 -845.654 -506.933 2973.11 1887.49
 14 2200.29 -1 80 80 -872.225 -520.348 2972.79 1887.49
 14 2222.66 -1 80 80 -900.881 -533.871 2972.85 1887.64
 14 2211.22 -1 80 80 -920.467 -547.032 2973.26 1887.62
 14 2175.67 -1 80 80 -938.782 -561.724 2973.2 1887.73
 14 2128.17 -1 80 80 -957.812 -576.279 2973.38 1887.73
 14 2081.04 -1 80 80 -978.179 -591.075 2973.41 1887.72
 14 2036.78 -1 80 80 -998.769 -605.384 2973.41 1887.83
 14 1997.1 -1 80 80 -1019.82 -618.945 2973.36 1888.08
 14 1967.37 -1 80 80 -1041.95 -632.766 2973.62 1888.51
 14 1946.03 -1 80 80 -1064.37 -646.095 2973.55 1888.97
 14 1937.14 -1 80 80 -1088.2 -659.552 2973.62 1889.33
 14 1935.15 -1 80 80 -1111.74 -672.56 2973.47 1889.15
 14 1930.55 -1 80 80 -1132.82 -686.278 2973.56 1889.49
 14 1917.81 -1 80 80 -1151.75 -700.572 2973.5 1890.02
 14 1899.25 -1 80 80 -1170.88 -714.111 2973.51 1890.37
 14 1889.3 -1 80 80 -1192.38 -728.793 2973.38 1891.17
 14 1882.98 -1 80 80 -1213.43 -742.972 2973.37 1891.37
 14 1875.3 -1 80 80 -1234.78 -754.934 2973.76 1891.7
 14 1877.73 -1 80 80 -1258.07 -768.368 2973.71 1891.61
 14 1874.13 -1 80 80 -1277.42 -782.501 2973.61 1891.67
 14 1865.86 -1 80 80 -1297.02 -795.929 2973.45 1891.92
 14 1859.91 -1 80 80 -1317.22 -810.53 2973.32 1891.87
 14 1852.33 -1 80 80 -1337.77 -823.11 2973.28 1892.02
 14 1851.14 -1 80 80 -1359.57 -836.724 2973.35 1892.16
 14 1845.95 -1 80 80 -1379.22 -850.119 2973.34 1892.39
 14 1839.75 -1 80 80 -1398.82 -864.157 2973.43 1892.26
 14 1838.72 -1 80 80 -1419.79 -878.398 2973.45 1892.27
 14 1833.37 -1 80 80 -1439.19 -891.743 2973.4 1891.86
 14 1826.55 -1 80 80 -1459.04 -904.888 2973.41 1891.95
 14 1821.23 -1 80 80 -1479.38 -918.172 2973.46 1892.21
 14 1815.41 -1 80 80 -1499.34 -931.276 2973.45 1892.4
 14 1808.88 -1 80 80 -1518.65 -945.055 2973.46 1892.79
 14 1803.8 -1 80 80 -1538.91 -958.05 2973.41 1892.91
 14 1903.3 -1 80 80 -1578.14 -985.128 2973.44 1892.97
 14 1754.11 -1 80 80 -1558.19 -971.604 2973.47 1892.98
 14 1757.58 -1 80 80 -1597.85 -997.729 2973.65 1892.96
 14 1757.73 -1 80 80 -1616.96 -1010.56 2973.93 1893.07
 14 1858.09 -1 80 80 -1654.85 -1037.42 2973.92 1892.83
 14 1921.35 -1 80 80 -1675 -1049.93 2973.72 1892.89
 14 1955.87 -1 80 80 -1694.73 -1063.15 2973.68 1892.78
 14 1964.61 -1 80 80 -1713.59 -1075.94 2973.65 1892.91
 14 1953.65 -1 80 80 -1731.91 -1088.88 2973.6 1893.28
 14 1932.34 -1 80 80 -1750.53 -1102.36 2973.51 1893.22
 14 1906.08 -1 80 80 -1770.14 -1114.73 2973.56 1893.28
 14 1877.68 -1 80 80 -1789.18 -1127.82 2973.38 1893.27
 14 1852.34 -1 80 80 -1808.61 -1141.5 2973.29 1893.48
 14 1819.57 -1 80 80 -1825.81 -1153.99 2973.44 1893.66
 14 1795.7 -1 80 80 -1845.71 -1167.4 2973.44 1893.72
 14 1534.75 -1 80 80 -1862.14 -1179.76 2973.54 1893.7
 14 810.399 -1 80 80 -1871 -1186.1 2973.52 1894.04
 14 0 -1 80 80 -1869.86 -1186.02 2973.58 1894.3
 14 0 -1 80 80 -1870.2 -1186.41 2973.57 1894.67
 14 0 -1 80 80 -1870.77 -1187.14 2973.84 1895.21
 14 0 -1 80 80 -1870.74 -1186.7 2973.85 1895.05
 14 170.603 -1 80 80 -1871.6 -1184.5 2973.96 1895.36
 14 144.661 -1 80 80 -1871.92 -1182.51 2973.93 1895.7
 14 468.722 -1 80 80 -1874.95 -1176.94 2973.96 1895.91
 14 730.601 -1 80 80 -1882.11 -1170.2 2973.98 1896.18
 14 791.646 -1 80 80 -1890.59 -1163.76 2973.88 1896.33
 14 591.05 -1 80 80 -1897.48 -1159.76 2973.84 1896.41
 14 568.502 -1 80 80 -1904.47 -1156.59 2973.73 1896.36
 14 665.807 -1 80 80 -1913.2 -1154.54 2974.24 1896.35
 14 665.764 -1 80 80 -1922.06 -1153.16 2974.12 1896.46
 14 636.979 -1 80 80 -1930.64 -1153.14 2974.17 1896.45
 14 554.679 -1 80 80 -1938.06 -1154.13 2974.15 1896.84
 14 722.342 -1 80 80 -1947.35 -1157.02 2974.13 1896.83
 14 1316.4 -1 80 80 -1963.94 -1163.02 2974.17 1896.9
 14 668.124 -1 80 80 -1972.38 -1166.15 2974.01 1896.74
 14 708.474 -1 80 80 -1980.15 -1171.68 2974.06 1896.83
 14 769.969 -1 80 80 -1988.9 -1177.21 2973.9 1896.99
 14 758.938 -1 80 80 -1997.2 -1183.15 2973.9 1897.1
 14 752.631 -1 80 80 -2005.74 -1188.6 2973.81 1896.89
 14 805.738 -1 80 80 -2013.84 -1195.8 2973.86 1897.02
 14 786.768 -1 80 80 -2022.6 -1201.73 2973.83 1897
 14 879.529 -1 80 80 -2031.51 -1209.5 2973.86 1896.76
 14 752.244 -1 80 80 -2039.51 -1215.7 2973.81 1896.89
 14 828.568 -1 80 80 -2047.97 -1222.94 2973.78 1896.75
 14 797.094 -1 80 80 -2056.07 -1229.96 2973.97 1896.89
 14 879.68 -1 80 80 -2064.16 -1238.58 2974.14 1896.91
 14 771.261 -1 80 80 -2072.51 -1244.73 2974.26 1897.08
 14 845.228 -1 80 80 -2080.96 -1252.33 2974.4 1897.05
 14 865.869 -1 80 80 -2089.78 -1259.91 2974.27 1897.19
 14 845.831 -1 80 80 -2098.4 -1267.33 2974.32 1897.27
 14 831.581 -1 80 80 -2107.32 -1274.06 2974.48 1897.43
 14 860.168 -1 80 80 -2116.53 -1281.05 2974.94 1897.37
 14 918.536 -1 80 80 -2126.31 -1288.58 2974.85 1897.5
 14 945.938 -1 80 80 -2136.54 -1296.1 2974.63 1897.54
 14 908.207 -1 80 80 -2146.68 -1302.88 2974.49 1897.44
 14 912.938 -1 80 80 -2156.41 -1310.36 2974.49 1897.38
 14 989.798 -1 80 80 -2167.2 -1318.11 2974.39 1897.49
 14 941.727 -1 80 80 -2177.35 -1325.66 2974.42 1897.45
 14 1054.09 -1 80 80 -2189.43 -1333.01 2974.46 1897.59
 14 969.793 -1 80 80 -2199.75 -1340.96 2974.26 1897.59
 14 1011.23 -1 80 80 -2210.95 -1348.62 2974.58 1897.56
 14 1071.18 -1 80 80 -2222.48 -1357.21 2974.42 1897.46
 14 1071.46 -1 80 80 -2234.57 -1364.99 2974.31 1897.39
 14 1024.53 -1 80 80 -2245.82 -1372.9 2974.25 1897.43
 14 1040.33 -1 80 80 -2257.61 -1380.37 2974.18 1897.47
 14 1148.6 -1 80 80 -2270.22 -1389.22 2974.61 1897.3
 14 1082.16 -1 80 80 -2282.29 -1397.29 2974.42 1897.29
 14 1092.73 -1 80 80 -2294.78 -1404.97 2974.52 1897.37
 14 1135.62 -1 80 80 -2306.99 -1414.08 2974.22 1897.5
 14 1198.11 -1 80 80 -2320.72 -1422.42 2974.65 1897.41
 14 1125.89 -1 80 80 -2333.42 -1430.59 2975.03 1897.37
 14 1253.67 -1 80 80 -2347.56 -1439.69 2974.75 1897.33
 14 1132.8 -1 80 80 -2360.48 -1447.67 2974.6 1897.36
 14 1231.91 -1 80 80 -2374.05 -1457.09 2974.56 1897.49
 14 1122.05 -1 80 80 -2386.55 -1465.48 2974.55 1897.44
 14 1171.62 -1 80 80 -2400.31 -1473.06 2974.35 1897.45
 14 1251.22 -1 80 80 -2413.68 -1483.19 2974.4 1897.44
 14 1138.89 -1 80 80 -2427.05 -1490.59 2974.47 1897.54
 14 1140.91 -1 80 80 -2439.97 -1498.79 2974.23 1897.45
 14 1129.73 -1 80 80 -2452.38 -1507.48 2974.31 1897.28
 14 1128.76 -1 80 80 -2465.33 -1515.32 2974.21 1897.4
 14 1097.4 -1 80 80 -2477.73 -1523.26 2974.63 1897.34
 14 1069.59 -1 80 80 -2490.59 -1529.64 2974.47 1897.44
 14 1003.7 -1 80 80 -2502.45 -1536.03 2974.34 1897.45
 14 1125.56 -1 80 80 -2515.95 -1542.79 2974.18 1897.45
 14 1020.95 -1 80 80 -2528.24 -1548.84 2974.1 1897.46
 14 1026.23 -1 80 80 -2541.2 -1553.52 2974.25 1897.42
 14 1049.94 -1 80 80 -2553.48 -1560.44 2974.22 1897.35
 14 899.809 -1 80 80 -2564.55 -1565.29 2974.36 1897.28
 14 954.487 -1 80 80 -2576.66 -1569.5 2974.4 1897.2
 14 877.305 -1 80 80 -2587.56 -1573.98 2974.34 1897.39
 14 1002.35 -1 80 80 -2600.09 -1578.87 2974.38 1897.26
 14 910.493 -1 80 80 -2611.78 -1582.49 2974.4 1897.33
 14 878.633 -1 80 80 -2623.2 -1585.48 2974.48 1897.36
 14 874.893 -1 80 80 -2633.78 -1590.6 2974.34 1897.3
 14 842.022 -1 80 80 -2644.74 -1593.44 2974.11 1897.36
 14 795.97 -1 80 80 -2655.05 -1596.32 2974.04 1897.27
 14 857.699 -1 80 80 -2665.82 -1600.42 2974.25 1897.24
 14 689.685 -1 80 80 -2674.69 -1603.19 2974.27 1897.46
 14 753.971 -1 80 80 -2684.09 -1607 2974.74 1897.37
 14 692.668 -1 80 80 -2693.03 -1609.65 2974.59 1897.43
 14 691.311 -1 80 80 -2702.15 -1611.52 2974.46 1897.46
 14 776.23 -1 80 80 -2712.13 -1614.57 2974.39 1897.47
 14 676.369 -1 80 80 -2720.72 -1617.62 2974.25 1897.44
 14 679.577 -1 80 80 -2729.63 -1619.7 2974.21 1897.53
 14 689.93 -1 80 80 -2738.58 -1622.19 2974.25 1897.56
 14 1358.73 -1 80 80 -2755.28 -1629.44 2974.74 1897.5
 14 656.547 -1 80 80 -2763.93 -1631.31 2974.58 1897.48
 14 590.488 -1 80 80 -2771.81 -1632.42 2974.58 1897.45
 14 628.346 -1 80 80 -2779.69 -1635.52 2974.43 1897.41
 14 652.565 -1 80 80 -2787.97 -1638.49 2974.48 1897.49
 14 1149.49 -1 80 80 -2803.05 -1641.71 2974.34 1897.37
 14 555.46 -1 80 80 -2795.65 -1640.49 2974.38 1897.47
 14 1136.3 -1 80 80 -2810.16 -1645.16 2974.87 1897.35
 14 574.235 -1 80 80 -2817.47 -1647.73 2974.61 1897.39
 14 558.117 -1 80 80 -2824.75 -1649.66 2974.4 1897.28
 14 528.357 -1 80 80 -2831.69 -1651.31 2974.28 1897.25
 14 1014.11 -1 80 80 -2844.52 -1655.87 2974.35 1897.15
 14 460.938 -1 80 80 -2850.39 -1657.96 2974.39 1897.17
 14 480.908 -1 80 80 -2856.77 -1659.25 2974.34 1897.09
 14 514.957 -1 80 80 -2863.37 -1661.43 2974.19 1897.17
 14 475.615 -1 80 80 -2869.34 -1663.84 2974.05 1897.44
 14 413.46 -1 80 80 -2874.86 -1664.8 2974.18 1897.46
 14 442.172 -1 80 80 -2880.25 -1667.41 2974.21 1897.51
 14 383.37 -1 80 80 -2885.43 -1667.78 2974.23 1897.55
 14 314.611 -1 80 80 -2889.64 -1668.61 2974.28 1897.5
 14 358.614 -1 80 80 -2894.51 -1668.47 2974.58 1897.45
 14 447.38 -1 80 80 -2900.21 -1666.44 2974.53 1897.48
 14 450.716 -1 80 80 -2906.22 -1665.4 2974.4 1897.43
 14 1082.32 -1 80 80 -2920.75 -1665.2 2974.32 1897.39
 14 506.533 -1 80 80 -2913.91 -1665.47 2974.37 1897.55
 14 1125.04 -1 80 80 -2928.97 -1664.62 2974.35 1897.34
 14 652.346 -1 80 80 -2937.76 -1664.78 2974.26 1897.31
 14 1261.87 -1 80 80 -2953.07 -1657.59 2974.21 1897.43
 14 667.52 -1 80 80 -2961.17 -1653.68 2974.18 1897.42
 14 707.335 -1 80 80 -2969.66 -1649.36 2974.22 1897.54
 14 681.87 -1 80 80 -2977.42 -1644.46 2974.66 1897.5
 14 637.204 -1 80 80 -2984.57 -1639.69 2974.49 1897.58
 14 576.11 -1 80 80 -2991.53 -1636.25 2974.43 1897.51
 14 532.292 -1 80 80 -2997.12 -1631.72 2974.8 1897.37
 14 606.652 -1 80 80 -3002.8 -1625.84 2974.57 1897.38
 14 461.363 -1 80 80 -3006.34 -1620.7 2974.55 1897.42
 14 468.907 -1 80 80 -3008.48 -1614.73 2974.42 1897.42
 14 404.211 -1 80 80 -3008.96 -1609.27 2974.37 1897.53
 14 352.69 -1 80 80 -3008.7 -1604.48 2974.42 1897.54
 14 374.373 -1 80 80 -3007.02 -1599.68 2974.34 1897.5
 14 332.993 -1 80 80 -3004.81 -1595.73 2974.51 1897.52
 14 448.425 -1 80 80 -3000.03 -1591.98 2974.44 1897.52
 14 425.138 -1 80 80 -2994.92 -1589.33 2974.87 1897.49
 14 450.953 -1 80 80 -2988.97 -1587.97 2974.75 1897.66
 14 411.809 -1 80 80 -2983.54 -1586.68 2974.65 1897.53
 14 508.484 -1 80 80 -2976.7 -1586.08 2974.49 1897.52
 14 496.475 -1 80 80 -2970.01 -1586.6 2974.47 1897.45
 14 612.339 -1 80 80 -2961.84 -1587.84 2974.42 1897.47
 14 583.885 -1 80 80 -2954.03 -1588.8 2974.78 1897.3
 14 577.371 -1 80 80 -2946.43 -1590.53 2974.69 1897.11
 14 662.333 -1 80 80 -2937.96 -1593.33 2974.88 1897.15
 14 643.14 -1 80 80 -2929.97 -1596.68 2974.71 1897.21
 14 485.97 -1 80 80 -2924.37 -1600.12 2974.93 1897.27
 14 519.675 -1 80 80 -2918.17 -1603.42 2974.74 1897.45
 14 433.495 -1 80 80 -2913.15 -1606.46 2974.66 1897.46
 14 370.719 -1 80 80 -2909.4 -1609.81 2975.11 1897.46
 14 238.655 -1 80 80 -2906.74 -1611.72 2974.9 1897.28
 14 249.416 -1 80 80 -2904.34 -1614.16 2974.79 1897.41
 14 230.306 -1 80 80 -2902.4 -1616.65 2974.61 1897.48
 14 237.093 -1 80 80 -2900.01 -1618.86 2974.52 1897.36
 14 219.479 -1 80 80 -2898.22 -1621.28 2974.42 1897.56
 14 175.633 -1 80 80 -2897.15 -1623.47 2974.33 1897.69
 14 156.537 -1 80 80 -2896.11 -1625.38 2974.14 1897.71
 14 160.133 -1 80 80 -2894.57 -1626.99 2974.2 1897.73
 14 164.311 -1 80 80 -2893.43 -1628.97 2974.1 1897.65
 14 117.968 -1 80 80 -2892.79 -1630.5 2974.23 1897.65
 14 126.744 -1 80 80 -2892.15 -1632.16 2974.22 1897.58
 14 138.243 -1 80 80 -2891.01 -1633.72 2974.29 1897.58
 14 120.491 -1 80 80 -2889.89 -1635 2974.36 1897.49
 14 139.951 -1 80 80 -2889.5 -1636.91 2974.35 1897.42
 14 0 -1 80 80 -2889.14 -1638.2 2974.36 1897.47
 14 208.989 -1 80 80 -2889.63 -1635.36 2974.4 1897.43
 14 260.322 -1 80 80 -2888.23 -1638.64 2974.39 1897.53
 14 107.484 -1 80 80 -2887.88 -1640.12 2974.45 1897.53
 14 0 -1 80 80 -2887.82 -1639.77 2974.41 1897.61
 14 0 -1 80 80 -2887.63 -1641.01 2974.36 1897.54
 14 0 -1 80 80 -2887.58 -1641.23 2974.23 1897.39
 14 116.883 -1 80 80 -2886.98 -1642.77 2974.12 1897.28
 14 99.1893 -1 80 80 -2887.03 -1644.18 2974.22 1897.34
 14 0 -1 80 80 -2886.46 -1644.64 2974.15 1897.42
 14 0 -1 80 80 -2886.11 -1645.91 2974.12 1897.45
 14 0 -1 80 80 -2886.21 -1645.72 2974.34 1897.34
 14 0 -1 80 80 -2886.26 -1645.77 2974.33 1897.36
 14 0 -1 80 80 -2886.2 -1645.83 2974.38 1897.38
 14 0 -1 80 80 -2886.36 -1646.71 2974.25 1897.36
 14 0 -1 80 80 -2886.02 -1646.6 2974.26 1897.43
 14 0 -1 80 80 -2885.83 -1646.44 2974.25 1897.4
 14 0 -1 80 80 -2886.12 -1646.45 2974.33 1897.5
 14 0 -1 80 80 -2886.17 -1646.89 2974.46 1897.33
 14 0 -1 80 80 -2886.13 -1646.87 2974.37 1897.36
 14 0 -1 80 80 -2886.18 -1646.91 2974.32 1897.28
 14 0 -1 80 80 -2885.97 -1646.52 2974.33 1897.44
 14 0 -1 80 80 -2885.92 -1647.1 2974.26 1897.47
 14 0 -1 80 80 -2886.3 -1646.74 2974.34 1897.58
 14 0 -1 80 80 -2885.82 -1646.85 2974.35 1897.54
 14 0 -1 80 80 -2886.42 -1646.8 2974.47 1897.38
 14 0 -1 80 80 -2886.12 -1647.14 2974.43 1897.51
 14 0 -1 80 80 -2886.1 -1647.14 2974.33 1897.63
 14 0 -1 80 80 -2886.1 -1646.72 2974.32 1897.7
 14 0 -1 80 80 -2886.63 -1646.83 2974.42 1897.64
 14 0 -1 80 80 -2887.04 -1646.59 2974.8 1897.49
 14 0 -1 80 80 -2886.43 -1646.45 2974.64 1897.53
 14 0 -1 80 80 -2886.78 -1646.78 2974.51 1897.47
 14 0 -1 80 80 -2887.02 -1646.52 2974.44 1897.47
 14 0 -1 80 80 -2887.04 -1646.49 2974.87 1897.56
 14 0 -1 80 80 -2886.73 -1647.04 2974.7 1897.6
 14 0 -1 80 80 -2886.69 -1647.02 2974.5 1897.68
 14 0 -1 80 80 -2887.21 -1646.45 2974.48 1897.43
 14 0 -1 80 80 -2887.35 -1647.08 2974.28 1897.51
 14 0 -1 80 80 -2887.5 -1646.99 2974.37 1897.52
 14 0 -1 80 80 -2887.54 -1646.74 2974.34 1897.44
 14 0 -1 80 80 -2887.79 -1646.45 2974.79 1897.35
 14 0 -1 80 80 -2887.3 -1646.54 2974.76 1897.33
 14 0 -1 80 80 -2888.04 -1646.83 2974.68 1897.4
 14 0 -1 80 80 -2887.94 -1647.02 2974.56 1897.52
 14 0 -1 80 80 -2888.12 -1646.65 2974.39 1897.51
 14 0 -1 80 80 -2888.31 -1646.38 2974.44 1897.73
 14 0 -1 80 80 -2888.25 -1646.54 2974.49 1897.62
 14 0 -1 80 80 -2888.44 -1646.89 2974.45 1897.59
 14 0 -1 80 80 -2888.38 -1646.64 2974.34 1897.52
 14 0 -1 80 80 -2888.75 -1646.37 2974.39 1897.6
 14 0 -1 80 80 -2889.11 -1646.26 2974.24 1897.48
 14 0 -1 80 80 -2889 -1646.48 2974.19 1897.49
 14 0 -1 80 80 -2889.92 -1646.17 2974.2 1897.5
 14 0 -1 80 80 -2889.59 -1646 2974.6 1897.53
 14 0 -1 80 80 -2889.44 -1645.87 2975.02 1897.64
 14 0 -1 80 80 -2890.1 -1645.73 2974.93 1897.73
 14 0 -1 80 80 -2889.99 -1646.5 2975.2 1897.62
 14 0 -1 80 80 -2889.76 -1646.2 2974.79 1897.53
 14 0 -1 80 80 -2890.2 -1645.74 2974.68 1897.48
 14 0 -1 80 80 -2890.5 -1645.48 2974.44 1897.42
 14 0 -1 80 80 -2890.35 -1645.59 2974.34 1897.4
 14 0 -1 80 80 -2890.22 -1645.68 2974.27 1897.54
 14 0 -1 80 80 -2890.9 -1645.75 2974.31 1897.55
 14 0 -1 80 80 -2890.78 -1645.81 2974.83 1897.59
 14 0 -1 80 80 -2891.72 -1645.26 2974.75 1897.59
 14 0 -1 80 80 -2891.06 -1645.54 2974.77 1897.49
 14 0 -1 80 80 -2891.63 -1645.46 2974.57 1897.35
 14 0 -1 80 80 -2892.07 -1644.87 2974.4 1897.29
 14 0 -1 80 80 -2892.23 -1645.8 2974.36 1897.19
 14 0 -1 80 80 -2892.15 -1645.36 2974.33 1897.4
 14 0 -1 80 80 -2891.74 -1645.87 2974.23 1897.34
 14 0 -1 80 80 -2892.19 -1645.57 2974.27 1897.21
 14 0 -1 80 80 -2892.45 -1645.36 2974.21 1897.28
 14 0 -1 80 80 -2892.71 -1645.67 2974.28 1897.33
 14 0 -1 80 80 -2892.67 -1645.46 2974.26 1897.32
 14 0 -1 80 80 -2892.52 -1645.65 2974.31 1897.47
 14 0 -1 80 80 -2892.46 -1645.49 2974.45 1897.56
 14 0 -1 80 80 -2892.75 -1645.61 2974.19 1897.49
 14 0 -1 80 80 -2892.57 -1646.18 2974.54 1897.26
 14 0 -1 80 80 -2892.03 -1645.9 2974.5 1897.3
 14 0 -1 80 80 -2892.41 -1645.64 2974.34 1897.34
 14 0 -1 80 80 -2892.31 -1645.89 2974.32 1897.35
 14 0 -1 80 80 -2892.17 -1645.98 2974.2 1897.58
 14 0 -1 80 80 -2892.35 -1645.91 2974.11 1897.45
 14 0 -1 80 80 -2892.06 -1646.19 2974.32 1897.42
 14 0 -1 80 80 -2892.19 -1645.82 2974.27 1897.38
 14 0 -1 85 85 -2892.45 -1646.33 2974.31 1897.38
