 0 1895.27 -1 90 90 -3038.17 -1750.76 -3149.4 -1802.75
 0 2947.83 -1 90 90 -2998.85 -1745.35 -3149.96 -1806.11
 0 2967.32 -1 90 90 -2955.41 -1737.25 -3150.74 -1811.3
 0 3201.5 -1 90 90 -2866.57 -1719.92 -3151.12 -1814.7
 0 3373.53 -1 90 90 -2821.84 -1708.92 -3151.5 -1818.26
 0 3515.22 -1 90 90 -2772.23 -1696.96 -3151.68 -1822.15
 0 3626.99 -1 90 90 -2722.92 -1684.89 -3151.7 -1826.6
 0 3710.3 -1 90 90 -2674.2 -1671.78 -3151.7 -1831.47
 0 3781.96 -1 90 90 -2623.07 -1656.45 -3151.94 -1836.94
 0 3852.09 -1 90 90 -2569.37 -1641.87 -3152.42 -1843.05
 0 3914.58 -1 90 90 -2516.93 -1624.52 -3153.23 -1849.9
 0 3979.99 -1 90 90 -2462.18 -1605.71 -3154.24 -1857.52
 0 4056.19 -1 90 90 -2404.37 -1587.53 -3155.16 -1864.27
 0 4122.39 -1 90 90 -2350.27 -1567.06 -3156.42 -1870.27
 0 4200.58 -1 90 90 -2291.18 -1545.52 -3157.74 -1877.06
 0 4274.76 -1 90 90 -2233.73 -1524.68 -3159.46 -1883.05
 0 4346.81 -1 90 90 -2176.57 -1499.41 -3161.2 -1891.33
 0 4417.14 -1 90 90 -2118.02 -1475.78 -3163.02 -1900.36
 0 4514.21 -1 90 90 -2052.65 -1449.53 -3164.79 -1908.15
 0 4574.29 -1 90 90 -1998.51 -1425.58 -3166.64 -1915.89
 0 4654.72 -1 90 90 -1934.63 -1395.83 -3168.37 -1923.21
 0 4744.4 -1 90 90 -1870.86 -1365.96 -3169.8 -1929.71
 0 4811.71 -1 90 90 -1812.7 -1336.67 -3170.82 -1936.83
 0 4857.63 -1 90 90 -1754.32 -1309.31 -3171.48 -1944.61
 0 4914.87 -1 90 90 -1691.77 -1275.23 -3172.22 -1951.26
 0 4984.76 -1 90 90 -1627.2 -1241.26 -3172.69 -1958.52
 0 5007.81 -1 90 90 -1573.61 -1211.62 -3172.66 -1964.45
 0 5057.53 -1 90 90 -1507.78 -1175.91 -3172.19 -1969.4
 0 5096.66 -1 90 90 -1447.51 -1142.34 -3171.89 -1973.99
 0 5118.82 -1 90 90 -1389.84 -1107.49 -3171.41 -1978.32
 0 5426.12 -1 90 90 -1274.07 -1037.08 -3169.85 -1983.02
 0 5597.8 -1 90 90 -1219.75 -1003.09 -3168.08 -1986.84
 0 4815.98 -1 90 90 -1330.83 -1071.6 -3167.88 -1986.78
 0 4865.2 -1 90 90 -1164.06 -965.348 -3165.95 -1988.49
 0 4917.3 -1 90 90 -1106.84 -925.814 -3163.94 -1989.34
 0 4926.19 -1 90 90 -1057.29 -892.312 -3162.15 -1989.61
 0 4929 -1 90 90 -1004.37 -853.922 -3160.25 -1989.34
 0 4923.3 -1 90 90 -952.213 -816.237 -3158.58 -1988.62
 0 4998.99 -1 90 90 -642.897 -561.817 -3156.53 -1982.69
 0 4831.66 -1 90 90 -606.911 -526.6 -3156.91 -1982.16
 0 4667.4 -1 90 90 -568.338 -489.783 -3157.2 -1981.61
 0 4491.96 -1 90 90 -533.852 -456.302 -3157.57 -1981.18
 0 4308.58 -1 90 90 -502.564 -422.886 -3157.85 -1980.86
 0 4131.7 -1 90 90 -471.246 -389.23 -3158.04 -1980.64
 0 3967.58 -1 90 90 -439.652 -356.63 -3158.1 -1980.51
 0 3802.66 -1 90 90 -413.882 -324.275 -3158.22 -1980.44
 0 3649.5 -1 90 90 -386.57 -292.789 -3158.3 -1980.45
 0 3494.53 -1 90 90 -363.468 -263.242 -3158.47 -1980.47
 0 3344.85 -1 90 90 -341.13 -233.875 -3158.4 -1980.53
 0 2974.27 -1 90 90 -404.648 -203.845 -3158.59 -1980.55
 0 2799.9 -1 90 90 -354.878 -173.966 -3158.51 -1980.64
 0 2741.78 -1 90 90 -307.769 -143.889 -3158.4 -1980.98
 0 2744.75 -1 90 90 -264.764 -116.313 -3158.18 -1981.26
 0 2739.69 -1 90 90 -235.584 -94.2138 -3157.95 -1981.72
 0 2654.1 -1 90 90 -221.502 -82.9318 -3157.75 -1982.37
 0 2522.91 -1 90 90 -206.231 -71.4071 -3157.46 -1982.81
 0 2386.02 -1 90 90 -191.829 -60.6036 -3157.13 -1983.22
 0 2221.96 -1 90 90 -176.609 -49.1909 -3156.81 -1983.65
 0 2064.82 -1 90 90 -161.709 -37.2819 -3156.68 -1983.62
 0 1920.81 -1 90 90 -146.778 -25.6315 -3156.3 -1984.24
 0 1794.16 -1 90 90 -131.908 -13.8732 -3156.03 -1984.52
 0 1685.04 -1 90 90 -117.115 -2.55051 -3155.73 -1984.9
 0 1596.41 -1 90 90 -102.433 9.7768 -3155.18 -1985.75
 0 1194.05 -1 90 90 -187.049 16.4108 -3154.9 -1986.08
 0 1025.49 -1 90 90 -168.027 39.8319 -3154.78 -1986.3
 0 951.001 -1 90 90 -157.309 52.2317 -3154.34 -1986.6
 0 919.626 -1 90 90 -145.396 63.2624 -3154.02 -1987.2
 0 1036.44 -1 90 90 -38.8946 63.1603 -3153.95 -1987.33
 0 989.017 -1 90 90 -117.836 87.4071 -3153.73 -1987.86
 0 982.288 -1 90 90 -103.95 100.136 -3153.45 -1988.26
 0 994.367 -1 90 90 -88.5498 111.056 -3153.26 -1988.64
 0 1023.95 -1 90 90 -71.6938 122.516 -3153.23 -1989.11
 0 1071.27 -1 90 90 -54.1342 134.595 -3153.09 -1989.47
 0 1131.39 -1 90 90 -36.5915 146.617 -3152.96 -1989.75
 0 1515.08 -1 90 90 78.9929 157.129 -3153.04 -1989.94
 0 1804.46 -1 90 90 91.9634 168.173 -3152.97 -1990.18
 0 1979.44 -1 90 90 105.25 178.908 -3152.92 -1990.38
 0 2054.67 -1 90 90 117.513 190.009 -3153 -1990.61
 0 2054.79 -1 90 90 130.024 200.385 -3153.09 -1990.82
 0 2001.92 -1 90 90 142.225 210.692 -3153.21 -1991.08
 0 1918.73 -1 90 90 153.077 225.064 -3153.16 -1991.2
 0 1808.19 -1 90 90 162.649 235.308 -3153.19 -1991.24
 0 1689.24 -1 90 90 173.494 244.578 -3153.1 -1991.28
 0 1570.8 -1 90 90 184.133 253.708 -3153 -1991.32
 0 1453.43 -1 90 90 192.892 263 -3152.87 -1991.39
 0 1379.97 -1 90 90 208.228 277.124 -3152.75 -1991.63
 0 1403.25 -1 90 90 235.387 299.148 -3152.6 -1991.74
 0 1508.35 -1 90 90 267.328 321.627 -3152.34 -1991.86
 0 1595.56 -1 90 90 285.953 336.319 -3152.15 -1992.1
 0 1492.11 -1 90 90 271.82 328.526 -3152.09 -1992.1
 0 1558.76 -1 90 90 313.428 358.708 -3151.99 -1992.42
 0 1611.11 -1 90 90 331.094 372.59 -3151.83 -1992.54
 0 1706.42 -1 90 90 359.099 393.955 -3151.76 -1992.68
 0 1768.86 -1 90 90 376.399 407.976 -3151.73 -1992.8
 0 1799.59 -1 90 90 392.727 421.144 -3151.73 -1992.89
 0 1808.97 -1 90 90 409.203 434.87 -3151.63 -1993.21
 0 1797.67 -1 90 90 424.94 447.487 -3151.55 -1993.46
 0 1771.96 -1 90 90 440.577 459.869 -3151.4 -1993.61
 0 1747.88 -1 90 90 457.446 474.34 -3151.35 -1993.75
 0 1736.7 -1 90 90 477.388 488.788 -3151.24 -1994.01
 0 1724.01 -1 90 90 494.859 502.305 -3151.16 -1994.15
 0 1721.7 -1 90 90 514.12 517.483 -3151.16 -1994.18
 0 1714.61 -1 90 90 531.231 530.969 -3151.08 -1994.23
 0 1705.46 -1 90 90 548.867 544.078 -3151 -1994.31
 0 1696.98 -1 90 90 566.217 558.112 -3151.01 -1994.42
 0 1684.57 -1 90 90 583.102 570.939 -3150.91 -1994.6
 0 1667.17 -1 90 90 599.26 583.572 -3150.89 -1994.79
 0 1703.13 -1 90 90 624.806 604.864 -3150.75 -1994.81
 0 1778.03 -1 90 90 652.268 625.45 -3150.67 -1994.84
 0 1823.68 -1 90 90 670.351 638.963 -3150.73 -1994.92
 0 1698.41 -1 90 90 661.487 631.93 -3150.82 -1994.91
 0 1704.5 -1 90 90 696.419 658.07 -3150.64 -1994.92
 0 1749.01 -1 90 90 721.029 678.615 -3150.46 -1994.93
 0 1758.43 -1 90 90 734.412 691.758 -3150.34 -1994.94
 0 1736.51 -1 90 90 746.35 704.146 -3150.48 -1994.98
 0 1840.78 -1 90 90 794.76 724.151 -3150.48 -1994.94
 0 1902.68 -1 90 90 812.415 737.908 -3150.56 -1994.9
 0 1929.4 -1 90 90 829.893 751.052 -3150.65 -1994.83
 0 1930.34 -1 90 90 847.229 764.376 -3150.67 -1994.97
 0 1914.08 -1 90 90 864.547 777.928 -3150.71 -1994.96
 0 1882.45 -1 90 90 881.586 790.063 -3150.63 -1995
 0 1851.58 -1 90 90 899.974 804.002 -3150.55 -1995.06
 0 1817.91 -1 90 90 917.798 816.713 -3150.58 -1995.19
 0 1780.81 -1 90 90 934.135 830.134 -3150.63 -1995.28
 0 1845.33 -1 90 90 969.378 857.076 -3150.63 -1995.35
 0 1968.84 -1 90 90 1003.76 882.667 -3150.53 -1995.41
 0 2030.42 -1 90 90 1021.12 894.811 -3150.64 -1995.44
 0 2046.45 -1 90 90 1037.88 907.864 -3150.69 -1995.4
 0 2030.54 -1 90 90 1054.62 920.956 -3150.79 -1995.44
 0 1994.75 -1 90 90 1071.51 934.21 -3150.69 -1995.53
 0 1946.23 -1 90 90 1088.7 946.58 -3150.56 -1995.56
 0 1888.89 -1 90 90 1105.07 958.903 -3150.66 -1995.53
 0 1835.49 -1 90 90 1122.71 972.05 -3150.66 -1995.47
 0 1780.07 -1 90 90 1138.65 984.497 -3150.66 -1995.49
 0 1733.28 -1 90 90 1156.32 997.209 -3150.73 -1995.44
 0 1688.97 -1 90 90 1171.8 1010.49 -3150.7 -1995.54
 0 1651.41 -1 90 90 1188.2 1023.5 -3150.85 -1995.55
 0 1619.35 -1 90 90 1205.28 1035.13 -3150.72 -1995.63
 0 1594.23 -1 90 90 1221.87 1047.89 -3150.49 -1995.63
 0 1575.37 -1 90 90 1238.35 1060.82 -3150.33 -1995.72
 0 1561.05 -1 90 90 1254.59 1073.77 -3150.27 -1995.76
 0 1548.89 -1 90 90 1270.46 1086.51 -3150.08 -1995.92
 0 1538.23 -1 90 90 1285.98 1099.47 -3150.06 -1996
 0 1529 -1 90 90 1302.16 1111.48 -3149.87 -1996.08
 0 1523.7 -1 90 90 1318.29 1124.47 -3149.83 -1996.13
 0 1516.32 -1 90 90 1334.49 1135.47 -3149.84 -1996.14
 0 1512.14 -1 90 90 1350.62 1148.13 -3149.85 -1996.18
 0 1507.2 -1 90 90 1365.61 1161.07 -3149.89 -1996.14
 0 1502.8 -1 90 90 1381.38 1173.29 -3150.01 -1996.09
 0 1499.39 -1 90 90 1397.27 1185.5 -3150.04 -1996.05
 0 1493.62 -1 90 90 1412.7 1197.08 -3149.99 -1996.16
 0 1487.61 -1 90 90 1427.97 1209.26 -3149.93 -1996.23
 0 1488.17 -1 90 90 1445.47 1220.94 -3149.93 -1996.22
 0 1483.79 -1 90 90 1460.09 1232.84 -3149.96 -1996.21
 0 1478.93 -1 90 90 1475.29 1244.98 -3149.98 -1996.2
 0 1475.95 -1 90 90 1491.52 1256.5 -3149.98 -1996.21
 0 1472.3 -1 90 90 1506.36 1269.02 -3149.91 -1996.34
 0 1464.71 -1 90 90 1521.09 1280.31 -3149.91 -1996.37
 0 1456.03 -1 90 90 1536.54 1291.08 -3149.97 -1996.6
 0 1453.06 -1 90 90 1552.27 1303.74 -3149.93 -1996.6
 0 1448.37 -1 90 90 1567.34 1315.06 -3149.77 -1996.63
 0 1437.57 -1 90 90 1581.4 1325.76 -3149.61 -1996.71
 0 1436.96 -1 90 90 1595.89 1338.44 -3149.52 -1996.86
 0 1351.62 -1 90 90 1609.98 1349.82 -3149.51 -1996.98
 0 1138.59 -1 90 90 1622.17 1359.01 -3149.36 -1997.27
 0 393.233 -1 90 90 1627.5 1359.27 -3149.37 -1997.43
 0 139.398 -1 90 90 1629.01 1358.03 -3149.44 -1997.63
 0 102.501 -1 90 90 1630.13 1357.1 -3149.53 -1997.71
 0 186.592 -1 90 90 1632.67 1357.54 -3149.32 -1997.8
 0 113.908 -1 90 90 1634.26 1357.28 -3149.39 -1997.98
 0 121.376 -1 90 90 1635.74 1356.43 -3149.36 -1997.9
 0 0 -1 90 90 1636.66 1355.7 -3149.26 -1997.96
 0 225.946 -1 90 90 1639.68 1354.97 -3149.3 -1997.85
 0 428.531 -1 90 90 1644.55 1351.82 -3149.19 -1997.87
 0 534.761 -1 90 90 1650.43 1347.63 -3149.56 -1997.94
 0 523.02 -1 90 90 1656.49 1344 -3149.55 -1997.79
 0 602.899 -1 90 90 1664.29 1341.68 -3149.49 -1997.9
 0 488.587 -1 90 90 1670.77 1340.42 -3149.55 -1997.96
 0 516.443 -1 90 90 1677.35 1338.12 -3149.5 -1998.02
 0 575.819 -1 90 90 1685.12 1337.96 -3149.3 -1997.9
 0 579.793 -1 90 90 1692.94 1338.24 -3149.15 -1997.88
 0 628.917 -1 90 90 1701.39 1338.87 -3149.1 -1997.96
 0 539.144 -1 90 90 1708.66 1339.32 -3149.09 -1997.93
 0 639.618 -1 90 90 1716.73 1342.35 -3149.11 -1997.99
 0 591.773 -1 90 90 1724.26 1344.98 -3149.08 -1998.04
 0 621.07 -1 90 90 1732.33 1347.23 -3149.02 -1998.11
 0 657.325 -1 90 90 1740.4 1350.86 -3149.22 -1998.02
 0 669.065 -1 90 90 1748.45 1354.91 -3149.24 -1998.06
 0 700.872 -1 90 90 1756.65 1359.58 -3149.21 -1998.06
 0 679.408 -1 90 90 1765.04 1363.23 -3149.25 -1998.03
 0 633.491 -1 90 90 1772.08 1368.07 -3149.23 -1998.04
 0 1269.35 -1 90 90 1786.61 1376.93 -3149.29 -1997.94
 0 613.204 -1 90 90 1793.71 1381.15 -3149.14 -1997.84
 0 555.645 -1 90 90 1799.92 1385.37 -3149.2 -1997.85
 0 575.769 -1 90 90 1806.63 1389.27 -3149.16 -1998
 0 551.49 -1 90 90 1812.89 1393.3 -3149.11 -1998.06
 0 551.941 -1 90 90 1819.28 1397.14 -3149.11 -1997.94
 0 513.483 -1 90 90 1825.98 1398.94 -3149.13 -1997.71
 0 530.938 -1 90 90 1832.49 1401.93 -3148.98 -1997.82
 0 455.145 -1 90 90 1838.23 1404.17 -3148.94 -1997.85
 0 473.354 -1 90 90 1844.25 1406.36 -3149.04 -1997.81
 0 522.764 -1 90 90 1851.23 1407.39 -3149.04 -1997.83
 0 495.907 -1 90 90 1857.88 1408.26 -3149.07 -1997.91
 0 464.029 -1 90 90 1864.01 1409.62 -3149.17 -1997.87
 0 451.622 -1 90 90 1870.08 1410.3 -3149.21 -1997.82
 0 482.376 -1 90 90 1876.6 1410.12 -3149.16 -1997.89
 0 502.221 -1 90 90 1883.38 1409.73 -3149.15 -1997.95
 0 462.695 -1 90 90 1889.64 1409.82 -3149.18 -1997.77
 0 426.334 -1 90 90 1895.41 1409.62 -3149.25 -1997.71
 0 480.043 -1 90 90 1901.89 1409.25 -3149.24 -1997.73
 0 561.676 -1 90 90 1909.45 1408.66 -3149.14 -1997.91
 0 491.56 -1 90 90 1916.01 1407.61 -3148.97 -1997.93
 0 379.377 -1 90 90 1921.14 1407.23 -3149 -1997.82
 0 432.301 -1 90 90 1926.9 1406.18 -3148.95 -1997.72
 0 463.498 -1 90 90 1932.71 1403.81 -3148.93 -1997.87
 0 403.524 -1 90 90 1937.77 1401.72 -3148.79 -1997.93
 0 393.247 -1 90 90 1943 1400.69 -3148.83 -1997.94
 0 370.584 -1 90 90 1948.02 1400.3 -3148.94 -1997.9
 0 379.35 -1 90 90 1953.12 1399.63 -3148.91 -1997.96
 0 379.517 -1 90 90 1958.18 1398.65 -3148.91 -1997.98
 0 453.536 -1 90 90 1964.23 1397.6 -3148.91 -1998.01
 0 417.143 -1 90 90 1969.78 1396.55 -3148.85 -1998.05
 0 377.625 -1 90 90 1974.89 1396.94 -3148.9 -1998.09
 0 446.531 -1 90 90 1980.86 1397.89 -3148.86 -1998.06
 0 393.018 -1 90 90 1986.19 1397.97 -3148.91 -1998.01
 0 414.439 -1 90 90 1991.74 1398.86 -3148.99 -1997.92
 0 463.79 -1 90 90 1997.68 1400.87 -3149.1 -1997.81
 0 530.129 -1 90 90 2003.75 1404.67 -3148.92 -1997.9
 0 521.967 -1 90 90 2009.53 1408.7 -3148.84 -1997.98
 0 676.785 -1 90 90 2017.2 1413.64 -3148.82 -1998.04
 0 664.337 -1 90 90 2024.58 1418.69 -3148.77 -1998.05
 0 670.095 -1 90 90 2032.57 1425.18 -3148.8 -1998.01
 0 683.322 -1 90 90 2041.14 1432.38 -3148.86 -1997.94
 0 700.33 -1 90 90 2050.16 1438.71 -3148.75 -1997.8
 0 727.225 -1 90 90 2060.34 1446.69 -3148.94 -1997.61
 0 761.51 -1 90 90 2070.77 1455.16 -3148.99 -1997.51
 0 803.89 -1 90 90 2082.57 1463.74 -3148.91 -1997.47
 0 846.012 -1 90 90 2093.72 1471.92 -3148.88 -1997.67
 0 890.759 -1 90 90 2105.7 1481.02 -3148.8 -1997.82
 0 936.302 -1 90 90 2118.15 1490.1 -3148.94 -1997.75
 0 980.847 -1 90 90 2130.81 1499.32 -3148.91 -1997.72
 0 1025.13 -1 90 90 2144.16 1508.76 -3148.89 -1997.8
 0 1069.26 -1 90 90 2158.33 1518.11 -3148.93 -1997.83
 0 1107.31 -1 90 90 2172.13 1526.62 -3148.82 -1997.88
 0 1144.13 -1 90 90 2186.17 1536.79 -3148.82 -1997.84
 0 1176.75 -1 90 90 2200.85 1545.58 -3148.86 -1997.9
 0 1204.67 -1 90 90 2215.59 1554.28 -3148.9 -1997.91
 0 1231.66 -1 90 90 2230.55 1564.2 -3148.93 -1997.99
 0 1256.01 -1 90 90 2246.65 1572.25 -3148.94 -1998.1
 0 1276.18 -1 90 90 2261.93 1581.07 -3148.87 -1997.92
 0 1300.66 -1 90 90 2279.02 1590.58 -3148.77 -1997.92
 0 1313.63 -1 90 90 2293.75 1598.24 -3148.9 -1997.97
 0 1327.31 -1 90 90 2310.67 1606.33 -3148.83 -1997.88
 0 1340.94 -1 90 90 2327.64 1614.39 -3148.86 -1997.82
 0 1347.71 -1 90 90 2343.54 1621.5 -3148.78 -1997.93
 0 1358.31 -1 90 90 2360.97 1630.02 -3148.77 -1998.07
 0 1312.24 -1 90 90 2376.99 1637.27 -3148.81 -1998.08
 0 1315.01 -1 90 90 2393.71 1644.51 -3148.69 -1997.93
 0 1359.54 -1 90 90 2410.08 1652.51 -3148.76 -1997.75
 0 1371.05 -1 90 90 2427.04 1659.58 -3148.78 -1997.65
 0 1274.96 -1 90 90 2442.62 1666.61 -3148.86 -1997.73
 0 1375.69 -1 90 90 2459.19 1674.67 -3148.85 -1997.76
 0 1268.25 -1 90 90 2474.88 1681.23 -3148.89 -1997.73
 0 1299.11 -1 90 90 2490.65 1688.62 -3148.84 -1997.94
 0 1271.25 -1 90 90 2506.38 1695.17 -3148.91 -1997.77
 0 1248.69 -1 90 90 2522.09 1700.95 -3148.82 -1997.74
 0 1230.36 -1 90 90 2537.31 1707.3 -3148.84 -1997.79
 0 1243.14 -1 90 90 2552.58 1713.98 -3148.83 -1997.99
 0 1151.57 -1 90 90 2567.22 1718.91 -3148.9 -1997.97
 0 1143.43 -1 90 90 2581.76 1723.77 -3148.84 -1997.89
 0 1203.66 -1 90 90 2597.08 1728.87 -3148.94 -1997.89
 0 1085.57 -1 90 90 2611.11 1732.79 -3148.85 -1997.84
 0 1093.35 -1 90 90 2624.95 1737.63 -3148.97 -1997.89
 0 1111.34 -1 90 90 2639.33 1741.59 -3148.95 -1997.95
 0 1005.41 -1 90 90 2652.5 1744.53 -3148.8 -1997.81
 0 1079.84 -1 90 90 2666.67 1747.56 -3149 -1997.71
 0 1079.67 -1 90 90 2680.68 1751.24 -3148.84 -1997.66
 0 960.972 -1 90 90 2693.47 1752.95 -3148.68 -1997.89
 0 1036.52 -1 90 90 2706.89 1756.63 -3148.63 -1997.84
 0 976.408 -1 90 90 2719.86 1758.49 -3148.57 -1997.86
 0 889.942 -1 90 90 2731.64 1760.58 -3148.6 -1997.83
 0 989.138 -1 90 90 2744.59 1763.49 -3148.76 -1997.96
 0 956.765 -1 90 90 2757.29 1765.46 -3148.89 -1997.9
 0 889.737 -1 90 90 2769.17 1766.77 -3148.91 -1997.85
 0 930.734 -1 90 90 2781.46 1769.08 -3148.83 -1997.9
 0 855.334 -1 90 90 2792.9 1770.17 -3149.02 -1997.96
 0 881.806 -1 90 90 2804.75 1770.19 -3149.1 -1997.99
 0 911.88 -1 90 90 2816.84 1772.18 -3149.18 -1998.17
 0 882.421 -1 90 90 2828.69 1772.24 -3149.07 -1998.23
 0 849.961 -1 90 90 2840.09 1771.46 -3149.27 -1998.27
 0 843.899 -1 90 90 2851.39 1772.49 -3149.08 -1998.3
 0 818.638 -1 90 90 2862.39 1772.18 -3149.02 -1998.17
 0 867.276 -1 90 90 2874.04 1771.77 -3149 -1998.19
 0 777.286 -1 90 90 2884.42 1772.99 -3148.87 -1998.26
 0 800.111 -1 90 90 2895.18 1772.94 -3148.92 -1998.28
 0 712.094 -1 90 90 2904.74 1772.28 -3148.99 -1998.24
 0 784.864 -1 90 90 2915.19 1773.8 -3149.06 -1998.19
 0 656.755 -1 90 90 2924.03 1773.92 -3148.96 -1998.18
 0 688.738 -1 90 90 2933.31 1773.98 -3149.06 -1998.27
 0 645.998 -1 90 90 2942 1774.41 -3148.94 -1998.22
 0 610.309 -1 90 90 2950.2 1775.14 -3148.94 -1998.19
 0 575.635 -1 90 90 2957.86 1776.44 -3148.86 -1998.21
 0 348.923 -1 90 90 2962.59 1776.74 -3148.98 -1998.21
 0 166.51 -1 90 90 2964.83 1777.32 -3148.91 -1998.14
