 14 242.874 -1 95 95 3241.45 1866.82 3323.24 1901.64
 14 2158.77 -1 95 95 3212.79 1863.32 3322.74 1901.68
 14 2909.01 -1 95 95 3174.43 1855.37 3323.6 1903.86
 14 2915.59 -1 95 95 3134.59 1847.19 3325.34 1906.62
 14 2932.19 -1 95 95 3093.48 1838.43 3326.71 1909.44
 14 2970.4 -1 95 95 3049.26 1826.99 3328.8 1913.49
 14 3024.49 -1 95 95 3004.3 1815.36 3330.23 1916.28
 14 3093.48 -1 95 95 2957.79 1803.2 3331.81 1919
 14 3190.54 -1 95 95 2907.04 1787.16 3333.57 1921.79
 14 3298.46 -1 95 95 2856.75 1772.11 3335.96 1925.48
 14 3411.44 -1 95 95 2805.79 1756.13 3338.26 1929.39
 14 3550.47 -1 95 95 2748.91 1736.6 3340.98 1933.58
 14 3684.11 -1 95 95 2695.35 1718.24 3344.38 1938.68
 14 3828.19 -1 95 95 2636.97 1698.61 3348.97 1944.59
 14 3993.48 -1 95 95 2574.91 1673.51 3353.68 1951.17
 14 4146.17 -1 95 95 2515.92 1652.2 3359.08 1957.94
 14 4300.9 -1 95 95 2453.07 1628.31 3365.48 1964.91
 14 4466.63 -1 95 95 2387.29 1599.97 3371.43 1972.81
 14 4618.84 -1 95 95 2323.57 1573.78 3378.05 1981.16
 14 4780.93 -1 95 95 2253.92 1545.24 3384.09 1988.07
 14 4946.21 -1 95 95 2184.14 1513.3 3390.72 1995.67
 14 5084.32 -1 95 95 2118.27 1483.87 3396.83 2002.61
 14 5237.57 -1 95 95 2043.72 1450.54 3402.92 2008.53
 14 5383.26 -1 95 95 1972.33 1414.98 3409.25 2014.86
 14 5509.84 -1 95 95 1901.35 1381.79 3415.95 2021.8
 14 5650.83 -1 95 95 1823.77 1343.86 3422.99 2028.92
 14 5775.65 -1 95 95 1750.67 1305.92 3429.33 2036.57
 14 5881.99 -1 95 95 1677.34 1268.68 3436.37 2045.84
 14 6001.74 -1 95 95 1597.6 1227.84 3442.49 2053.76
 14 6094.33 -1 95 95 1525.19 1187.24 3448.35 2061.6
 14 6179.19 -1 95 95 1448.88 1146.33 3453.98 2069.99
 14 6272.27 -1 95 95 1369.47 1102.22 3459.07 2078.51
 14 6324.84 -1 95 95 1298.96 1061.2 3464.12 2086.73
 14 6384.5 -1 95 95 1220.72 1016.41 3468.57 2094.93
 14 6439.15 -1 95 95 1144.5 970.996 3472.57 2103.38
 14 6463.75 -1 95 95 1073.17 927.848 3476.36 2111.64
 14 6484.57 -1 95 95 998.817 881.69 3479.13 2119.34
 14 6509.04 -1 95 95 923.286 834.229 3481.82 2125.88
 14 6492.88 -1 95 95 855.866 791.825 3484.33 2132.76
 14 6478.6 -1 95 95 783.738 744.56 3486.47 2138.27
 14 6458.76 -1 95 95 713.759 697.203 3488.28 2143.57
 14 6407 -1 95 95 648.284 655.353 3489.76 2149.59
 14 6360.89 -1 95 95 580.335 606.953 3491.16 2154.59
 14 6297.35 -1 95 95 516.92 561.735 3492.14 2158.6
 14 6214.71 -1 95 95 454.774 519.2 3493.16 2162.44
 14 6140.64 -1 95 95 391.177 471.922 3493.92 2165.79
 14 6046.6 -1 95 95 333.085 428.872 3494.73 2169
 14 5937.85 -1 95 95 276.144 386.843 3495.65 2172.35
 14 6129.16 -1 95 95 166.281 299.484 3496.29 2176.35
 14 6184.65 -1 95 95 114.81 259.919 3496.56 2179.6
 14 6157.09 -1 95 95 62.8427 216.084 3496.85 2181.87
 14 6039.23 -1 95 95 16.9139 177.729 3496.67 2183.12
 14 5865.19 -1 95 95 -29.0641 140.042 3496.1 2183.54
 14 5669.21 -1 95 95 -73.9956 98.7265 3495.74 2183.46
 14 5439.48 -1 95 95 -114.692 63.292 3495.34 2182.76
 14 5202.11 -1 95 95 -155.537 27.3487 3495.3 2181.78
 14 4965.83 -1 95 95 -192.97 -9.9805 3494.8 2180.44
 14 4723.42 -1 95 95 -227.887 -42.855 3494.5 2179.15
 14 4499.49 -1 95 95 -263.907 -77.3989 3494.01 2177.82
 14 4282.88 -1 95 95 -295.416 -110.671 3493.73 2176.69
 14 4066.97 -1 95 95 -324.365 -140.917 3493.44 2175.93
 14 3873.33 -1 95 95 -354.966 -172.428 3493.74 2175.28
 14 3369.11 -1 95 95 -285.028 -193.508 3493.71 2174.88
 14 3126.67 -1 95 95 -351.17 -222.414 3493.45 2174.61
 14 3037.91 -1 95 95 -406.55 -253.563 3493.49 2174.4
 14 3048.46 -1 95 95 -462.049 -280.958 3493.44 2174.2
 14 3022.63 -1 95 95 -492.758 -296.889 3493.25 2173.94
 14 2955.58 -1 95 95 -517.813 -311.914 3493.25 2173.92
 14 2869.11 -1 95 95 -544.442 -326.576 3493.08 2173.96
 14 2771.46 -1 95 95 -569.791 -341.439 3493.25 2174.07
 14 2470.53 -1 95 95 -534.291 -351.247 3493.32 2174.21
 14 2195.2 -1 95 95 -548.68 -365.524 3493.64 2174.5
 14 1969.46 -1 95 95 -563.502 -379.635 3493.94 2175.17
 14 1798.26 -1 95 95 -579.447 -395.127 3494.27 2175.54
 14 1671 -1 95 95 -596.795 -408.164 3494.49 2175.82
 14 1590.57 -1 95 95 -615.251 -423.293 3494.74 2176.39
 14 1550.99 -1 95 95 -636.013 -437.43 3494.81 2176.73
 14 1539.23 -1 95 95 -655.085 -452.481 3495.22 2177.33
 14 1555.05 -1 95 95 -677.131 -466.858 3495.51 2177.97
 14 1590.68 -1 95 95 -699.984 -480.724 3495.86 2178.63
 14 1635.79 -1 95 95 -721.801 -494.925 3496.35 2179.39
 14 1697.96 -1 95 95 -747.196 -509.327 3496.79 2180.31
 14 1766.13 -1 95 95 -772.503 -522.852 3497.08 2181.11
 14 1839.15 -1 95 95 -798.46 -537.167 3497.05 2180.87
 14 1915.29 -1 95 95 -826.45 -549.975 3497.15 2181.57
 14 1990.15 -1 95 95 -853.917 -563.865 3497.19 2182.15
 14 2058.54 -1 95 95 -881.888 -576.311 3497.09 2182.62
 14 2125 -1 95 95 -911.226 -589.218 3497.38 2183.59
 14 2189.16 -1 95 95 -941.171 -602.321 3497.38 2184.13
 14 2249.67 -1 95 95 -971.99 -614.487 3497.47 2184.33
 14 2311.78 -1 95 95 -1004.75 -626.528 3497.52 2184.55
 14 2358.14 -1 95 95 -1034.2 -638.407 3497.72 2184.85
 14 2406.08 -1 95 95 -1067.65 -649.733 3498.07 2185
 14 2447.2 -1 95 95 -1099.55 -661.625 3497.97 2185.33
 14 2480.38 -1 95 95 -1132.18 -671.159 3497.94 2185.52
 14 2492.13 -1 95 95 -1164.68 -680.354 3497.95 2185.88
 14 2508.65 -1 95 95 -1198.38 -690.977 3497.93 2186.17
 14 2530.97 -1 95 95 -1231.97 -700.71 3497.89 2186.31
 14 2552.15 -1 95 95 -1266.17 -710.143 3498.01 2186.44
 14 2568.92 -1 95 95 -1300.11 -718.585 3497.73 2186.28
 14 2585.13 -1 95 95 -1334.57 -727.865 3497.46 2186.52
 14 2559.45 -1 95 95 -1357.59 -743 3497.62 2186.72
 14 2513.23 -1 95 95 -1381.34 -760.347 3497.86 2186.81
 14 2479.2 -1 95 95 -1405.08 -777.45 3497.93 2187.37
 14 2425.65 -1 95 95 -1430.09 -793.999 3498.13 2187.59
 14 2381.76 -1 95 95 -1455.96 -810.593 3498.08 2187.76
 14 2352.51 -1 95 95 -1483.37 -826.52 3498.14 2187.83
 14 2336.65 -1 95 95 -1510.47 -843.996 3497.91 2187.9
 14 2315.46 -1 95 95 -1535.19 -858.449 3497.96 2188.01
 14 2314.03 -1 95 95 -1564.71 -874.851 3497.72 2188.37
 14 2319.5 -1 95 95 -1593.64 -889.423 3497.63 2188.42
 14 2329.25 -1 95 95 -1622.49 -904.219 3497.61 2188.47
 14 2340.5 -1 95 95 -1651.6 -918.212 3497.61 2188.64
 14 2351.54 -1 95 95 -1680.69 -931.933 3497.65 2188.93
 14 2362.81 -1 95 95 -1709.93 -945.789 3497.62 2189.42
 14 2373.96 -1 95 95 -1739.71 -958.771 3497.51 2189.94
 14 2385.15 -1 95 95 -1769.69 -971.613 3497.88 2190.28
 14 2395.16 -1 95 95 -1800.32 -982.808 3498.3 2190.52
 14 2407.57 -1 95 95 -1831.3 -995.029 3498.77 2190.83
 14 2417.43 -1 95 95 -1861.34 -1007.32 3499.04 2191.07
 14 2416.37 -1 95 95 -1887.29 -1023.89 3498.7 2191.34
 14 2401.93 -1 95 95 -1912.82 -1038.18 3498.68 2191.66
 14 2383.4 -1 95 95 -1938.71 -1053.95 3498.5 2191.75
 14 2360.7 -1 95 95 -1964.72 -1068.03 3498.27 2191.85
 14 2344.76 -1 95 95 -1992.45 -1082.88 3498.61 2192.15
 14 2328.77 -1 95 95 -2019.45 -1096.32 3498.36 2192.25
 14 2314.85 -1 95 95 -2046.43 -1110.42 3498.44 2192.67
 14 2302.77 -1 95 95 -2074.19 -1122.8 3498.48 2192.98
 14 2288.83 -1 95 95 -2100.85 -1135.43 3498.58 2193.13
 14 2412.03 -1 95 95 -2156.05 -1161.26 3498.67 2193.4
 14 2222.58 -1 95 95 -2128.89 -1148.04 3498.94 2193.4
 14 2223.46 -1 95 95 -2181.1 -1176.48 3498.73 2193.53
 14 2221.74 -1 95 95 -2206.6 -1190.76 3498.69 2193.6
 14 2352.93 -1 95 95 -2259.7 -1218.59 3498.9 2193.55
 14 2433.22 -1 95 95 -2285.9 -1231.88 3498.89 2193.64
 14 2472.31 -1 95 95 -2311.82 -1244.82 3499.04 2193.82
 14 2482.01 -1 95 95 -2336.99 -1259.68 3498.83 2193.69
 14 2472.44 -1 95 95 -2363.06 -1273.46 3498.9 2193.82
 14 2447.87 -1 95 95 -2388.78 -1286.71 3498.86 2193.8
 14 2417.36 -1 95 95 -2414.79 -1300.8 3498.89 2193.99
 14 2378.97 -1 95 95 -2440.15 -1313.39 3498.88 2194.14
 14 2344.15 -1 95 95 -2466.3 -1327.75 3498.9 2194.39
 14 2305.37 -1 95 95 -2490.83 -1341.06 3498.93 2194.4
 14 2269.91 -1 95 95 -2515.92 -1355.13 3498.83 2194.5
 14 2234.78 -1 95 95 -2540.71 -1367.83 3498.42 2194.56
 14 2205.48 -1 95 95 -2566.16 -1381.02 3498.6 2194.83
 14 2175.69 -1 95 95 -2590.23 -1393.81 3498.63 2194.89
 14 2153.32 -1 95 95 -2615.66 -1406.96 3498.69 2194.84
 14 2137.8 -1 95 95 -2641.01 -1420.5 3498.74 2194.68
 14 2247.95 -1 95 95 -2690.25 -1447.55 3498.42 2194.98
 14 2310.35 -1 95 95 -2714.11 -1460.56 3498.64 2195.3
 14 2344.19 -1 95 95 -2739.89 -1473.65 3498.75 2195.35
 14 2353.23 -1 95 95 -2764.83 -1486.71 3498.94 2195.41
 14 1952.2 -1 95 95 -2787.97 -1498.83 3498.99 2195.45
 14 904.697 -1 95 95 -2799.14 -1503.6 3499.05 2195.52
 14 0 -1 95 95 -2798.91 -1502.52 3499.13 2195.68
 14 0 -1 95 95 -2800.23 -1502.75 3499.28 2195.79
 14 0 -1 95 95 -2801.22 -1502.93 3499.21 2195.69
 14 0 -1 95 95 -2801.02 -1502.99 3499.19 2195.83
 14 212.017 -1 95 95 -2798.48 -1504.43 3499.24 2196.08
 14 222.709 -1 95 95 -2795.64 -1505.57 3499.2 2196.28
 14 689.686 -1 95 95 -2789.24 -1512.29 3499.33 2196.34
 14 569.956 -1 95 95 -2784.5 -1518.35 3499.05 2196.32
 14 629.424 -1 95 95 -2779.12 -1524.91 3499.04 2196.49
 14 490.533 -1 95 95 -2775.98 -1530.75 3499.05 2196.46
 14 652.098 -1 95 95 -2773.13 -1539.06 3498.92 2196.62
 14 603.31 -1 95 95 -2771.98 -1547.11 3499.13 2196.79
 14 508.612 -1 95 95 -2771.7 -1553.98 3499.25 2196.88
 14 625.93 -1 95 95 -2771.33 -1562.41 3499.28 2196.88
 14 597.36 -1 95 95 -2772.62 -1570.36 3499.33 2196.86
 14 674.478 -1 95 95 -2774.47 -1579.26 3499.46 2196.88
 14 743.219 -1 95 95 -2776.97 -1588.94 3499.14 2196.84
 14 656.389 -1 95 95 -2779.52 -1597.41 3499.01 2196.85
 14 658.243 -1 95 95 -2782.05 -1605.9 3498.92 2197.06
 14 770.865 -1 95 95 -2784.33 -1616.02 3499.05 2196.85
 14 630.687 -1 95 95 -2787.01 -1624.09 3498.98 2196.73
 14 741.401 -1 95 95 -2789.88 -1633.64 3498.96 2196.94
 14 702.409 -1 95 95 -2792.97 -1642.58 3499.25 2197
 14 634.112 -1 95 95 -2795.28 -1650.81 3499.27 2197.07
 14 685.652 -1 95 95 -2798.16 -1659.58 3499.25 2196.91
 14 625.508 -1 95 95 -2800.21 -1667.76 3499.09 2196.97
 14 616.958 -1 95 95 -2802.98 -1675.6 3499.32 2197.11
 14 624.466 -1 95 95 -2805.27 -1683.7 3499.33 2197.14
 14 647.978 -1 95 95 -2807.77 -1692.07 3499.4 2197
 14 630.459 -1 95 95 -2810.41 -1700.14 3499.58 2197.03
 14 631.993 -1 95 95 -2813.05 -1708.59 3499.43 2196.9
 14 634.789 -1 95 95 -2816.16 -1716.95 3499.38 2196.8
 14 631.69 -1 95 95 -2818.38 -1724.02 3499.13 2196.79
 14 627.19 -1 95 95 -2821.06 -1731.53 3499.35 2196.94
 14 623.661 -1 95 95 -2823.6 -1739.48 3499.46 2196.93
 14 618.084 -1 95 95 -2826.03 -1746.77 3499.21 2196.96
 14 613.322 -1 95 95 -2828.92 -1754.36 3499.26 2197.12
 14 610.911 -1 95 95 -2831.65 -1762.36 3499.32 2197.21
 14 606.131 -1 95 95 -2833.31 -1769.74 3499.31 2197.21
 14 602.739 -1 95 95 -2835.87 -1777.47 3499.54 2197.03
 14 598.664 -1 95 95 -2838.45 -1784.75 3499.45 2196.95
 14 595.467 -1 95 95 -2841.52 -1792.13 3499.53 2196.85
 14 587.365 -1 95 95 -2843.5 -1798.51 3499.42 2197.01
 14 581.608 -1 95 95 -2846.31 -1805.87 3499.37 2197.05
 14 576.403 -1 95 95 -2847.93 -1813.29 3499.6 2197.12
 14 572.075 -1 95 95 -2851.09 -1820.25 3499.49 2197.02
 14 569.646 -1 95 95 -2853.18 -1827.81 3499.5 2196.92
 14 564.232 -1 95 95 -2855.01 -1834.4 3499.28 2196.93
 14 558.737 -1 95 95 -2857.16 -1841.27 3499.11 2196.8
 14 552.382 -1 95 95 -2859.8 -1847.71 3499.11 2196.76
 14 547.426 -1 95 95 -2861.79 -1854.76 3499.01 2196.84
 14 539.669 -1 95 95 -2864.02 -1860.75 3499.27 2196.82
 14 533.995 -1 95 95 -2866.61 -1867.47 3499.3 2197.03
 14 527.241 -1 95 95 -2868.99 -1873.58 3499.14 2196.93
 14 524.17 -1 95 95 -2871.53 -1880.61 3498.85 2196.98
 14 518.548 -1 95 95 -2872.99 -1886.74 3498.75 2196.92
 14 513.926 -1 95 95 -2875.3 -1893.16 3498.85 2196.94
 14 506.846 -1 95 95 -2877.53 -1898.79 3499.06 2197.06
 14 500.381 -1 95 95 -2879.83 -1904.84 3499.14 2197.1
 14 494.41 -1 95 95 -2881.96 -1910.88 3499.15 2197.07
 14 490.126 -1 95 95 -2884.56 -1917 3499.35 2197.05
 14 483.762 -1 95 95 -2886 -1922.68 3499.26 2197.09
 14 476.069 -1 95 95 -2887.83 -1928.16 3499.51 2197.23
 14 468.558 -1 95 95 -2890.64 -1933.44 3499.26 2197.31
 14 464.19 -1 95 95 -2892.57 -1939.66 3499.26 2197.45
 14 457.921 -1 95 95 -2895.16 -1944.6 3499.33 2197.4
 14 454.732 -1 95 95 -2897.25 -1950.69 3499.42 2197.42
 14 451.104 -1 95 95 -2899.28 -1956.15 3499.62 2197.27
 14 449.087 -1 95 95 -2901.9 -1961.79 3499.56 2197.22
 14 444.416 -1 95 95 -2903.83 -1966.75 3499.54 2197.24
 14 437.615 -1 95 95 -2905.68 -1971.6 3499.46 2197.26
 14 431.696 -1 95 95 -2907.74 -1976.84 3499.51 2197.4
 14 426.957 -1 95 95 -2910.29 -1981.94 3499.54 2197.15
 14 421.058 -1 95 95 -2911.77 -1986.92 3499.48 2197.14
 14 413.6 -1 95 95 -2914.59 -1991.09 3499.54 2197.24
 14 408.271 -1 95 95 -2916.65 -1996.23 3499.18 2197.29
 14 398.719 -1 95 95 -2918.24 -2000.1 3498.94 2197.1
 14 396.164 -1 95 95 -2920.62 -2005.95 3498.99 2197.13
 14 394.958 -1 95 95 -2922.78 -2011 3499.12 2197.04
 14 390.05 -1 95 95 -2924.32 -2015.15 3499.04 2197.11
 14 386.646 -1 95 95 -2926.11 -2020.13 3499.22 2197.11
 14 383.891 -1 95 95 -2928.23 -2024.81 3499.3 2197.17
 14 381.575 -1 95 95 -2929.98 -2029.62 3499.47 2197.24
 14 375.213 -1 95 95 -2931.96 -2033.22 3499.45 2197.17
 14 369.255 -1 95 95 -2932.98 -2037.91 3499.49 2197.21
 14 362.934 -1 95 95 -2934.75 -2042.04 3499.58 2197.22
 14 376.282 -1 95 95 -2938.19 -2050.32 3499.32 2197.02
 14 344.712 -1 95 95 -2936.54 -2046.47 3499.14 2196.93
 14 338.147 -1 95 95 -2939.74 -2053.92 3499.13 2196.83
 14 334.373 -1 95 95 -2941.96 -2058.16 3499.08 2197.08
 14 332.677 -1 95 95 -2943.71 -2062.57 3499.04 2197.19
 14 330.25 -1 95 95 -2945.85 -2066.27 3498.97 2197.17
 14 346.853 -1 95 95 -2949.33 -2074.19 3498.67 2197.17
 14 355.443 -1 95 95 -2951.53 -2077.69 3498.59 2197.07
 14 354.456 -1 95 95 -2952.54 -2080.82 3498.65 2197.31
 14 346.848 -1 95 95 -2954.4 -2085.15 3498.69 2197.31
 14 281.705 -1 95 95 -2955.77 -2088.74 3498.88 2197.24
 14 218.618 -1 95 95 -2957.67 -2091.07 3499.07 2197.21
 14 289.002 -1 95 95 -2959.19 -2094.71 3499.3 2197.06
 14 284.08 -1 95 95 -2961.45 -2097.86 3499.28 2197.15
 14 284.929 -1 95 95 -2962.96 -2101.45 3499.04 2197.04
 14 260.728 -1 95 95 -2964.82 -2104.49 3499.22 2197.1
 14 220.516 -1 95 95 -2966.13 -2107.22 3499.25 2197.29
 14 289.672 -1 95 95 -2968.35 -2110.5 3499.3 2197.34
 14 238.653 -1 95 95 -2969.82 -2113.42 3499.34 2197.38
 14 270.246 -1 95 95 -2971.49 -2116.71 3499.14 2197.54
 14 257.916 -1 95 95 -2972.98 -2119.91 3499.15 2197.6
 14 214.598 -1 95 95 -2974.42 -2122.49 3499.3 2197.59
 14 262.701 -1 95 95 -2975.95 -2125.74 3499.15 2197.53
 14 288.952 -1 95 95 -2977.84 -2129.2 3499.17 2197.96
 14 339.786 -1 95 95 -2980.14 -2133.21 3499.3 2197.89
 14 405.718 -1 95 95 -2982.33 -2138.26 3499.53 2197.87
 14 942.732 -1 95 95 -2986.34 -2150.27 3499.24 2197.56
 14 466.752 -1 95 95 -2989.38 -2155.8 3499.13 2197.59
 14 0 -1 95 95 -2989.38 -2155.8 3499.13 2197.44
 14 460.347 -1 95 95 -2984.61 -2144.29 3499 2197.35
